1	135	0.00
1	134	0.00
1	133	0.00
1	132	0.00
1	131	0.00
1	130	0.00
1	129	0.00
1	128	0.00
1	127	0.00
1	126	0.00
1	125	0.00
1	124	0.00
1	123	0.00
1	122	0.00
1	121	0.00
1	120	0.00
1	119	0.00
1	118	0.01
1	117	0.01
1	116	0.01
1	115	0.01
1	114	0.01
1	113	0.01
1	112	0.01
1	111	0.01
1	110	0.02
1	109	0.02
1	108	0.02
1	107	0.03
1	106	0.03
1	105	0.04
1	104	0.04
1	103	0.05
1	102	0.06
1	101	0.06
1	100	0.07
1	99	0.08
1	98	0.09
1	97	0.10
1	96	0.11
1	95	0.13
1	94	0.14
1	93	0.16
1	92	0.17
1	91	0.19
1	90	0.20
1	89	0.22
1	88	0.23
1	87	0.25
1	86	0.26
1	85	0.28
1	84	0.29
1	83	0.31
1	82	0.32
1	81	0.33
1	80	0.35
1	79	0.36
1	78	0.37
1	77	0.38
1	76	0.39
1	75	0.40
1	74	0.41
1	73	0.41
1	72	0.42
1	71	0.43
1	70	0.43
1	69	0.43
1	68	0.44
1	67	0.44
1	66	0.44
1	65	0.44
1	64	0.44
1	63	0.44
1	62	0.45
1	61	0.45
1	60	0.45
1	59	0.45
1	58	0.45
1	57	0.45
1	56	0.45
1	55	0.46
1	54	0.46
1	53	0.47
1	52	0.48
1	51	0.49
1	50	0.50
1	49	0.51
1	48	0.53
1	47	0.55
1	46	0.57
1	45	0.59
1	44	0.62
1	43	0.65
1	42	0.68
1	41	0.71
1	40	0.74
1	39	0.77
1	38	0.79
1	37	0.82
1	36	0.85
1	35	0.87
1	34	0.90
1	33	0.92
1	32	0.93
1	31	0.95
1	30	0.96
1	29	0.97
1	28	0.98
1	27	0.98
1	26	0.99
1	25	0.99
1	24	0.99
1	23	0.99
1	22	0.99
1	21	0.99
1	20	0.99
1	19	0.99
1	18	0.99
1	17	0.99
1	16	0.99
1	15	1.00
1	14	1.00
1	13	1.00
1	12	1.00
1	11	1.00
1	10	1.00
1	9	1.00
1	8	1.00
1	7	1.00
1	6	1.00
1	5	1.00
1	4	1.00
1	3	1.00
1	2	1.00
1	1	1.00
1	0	1.00
2	95	0.00
2	94	0.00
2	93	0.00
2	92	0.00
2	91	0.00
2	90	0.00
2	89	0.00
2	88	0.00
2	87	0.00
2	86	0.01
2	85	0.01
2	84	0.01
2	83	0.01
2	82	0.01
2	81	0.02
2	80	0.02
2	79	0.02
2	78	0.03
2	77	0.04
2	76	0.05
2	75	0.06
2	74	0.07
2	73	0.09
2	72	0.11
2	71	0.13
2	70	0.16
2	69	0.18
2	68	0.22
2	67	0.25
2	66	0.29
2	65	0.33
2	64	0.37
2	63	0.41
2	62	0.46
2	61	0.51
2	60	0.55
2	59	0.60
2	58	0.64
2	57	0.68
2	56	0.72
2	55	0.76
2	54	0.79
2	53	0.82
2	52	0.85
2	51	0.87
2	50	0.89
2	49	0.91
2	48	0.93
2	47	0.94
2	46	0.95
2	45	0.96
2	44	0.97
2	43	0.97
2	42	0.98
2	41	0.98
2	40	0.98
2	39	0.99
2	38	0.99
2	37	0.99
2	36	0.99
2	35	0.99
2	34	0.99
2	33	0.99
2	32	0.99
2	31	0.99
2	30	0.99
2	29	0.99
2	28	0.99
2	27	0.99
2	26	0.99
2	25	1.00
2	24	1.00
2	23	1.00
2	22	1.00
2	21	1.00
2	20	1.00
2	19	1.00
2	18	1.00
2	17	1.00
2	16	1.00
2	15	1.00
2	14	1.00
2	13	1.00
2	12	1.00
2	11	1.00
2	10	1.00
2	9	1.00
2	8	1.00
2	7	1.00
2	6	1.00
2	5	1.00
2	4	1.00
2	3	1.00
2	2	1.00
2	1	1.00
2	0	1.00
3	108	0.00
3	107	0.00
3	106	0.00
3	105	0.00
3	104	0.00
3	103	0.00
3	102	0.00
3	101	0.00
3	100	0.00
3	99	0.00
3	98	0.00
3	97	0.00
3	96	0.00
3	95	0.00
3	94	0.00
3	93	0.00
3	92	0.00
3	91	0.00
3	90	0.00
3	89	0.00
3	88	0.00
3	87	0.00
3	86	0.00
3	85	0.00
3	84	0.00
3	83	0.00
3	82	0.00
3	81	0.00
3	80	0.00
3	79	0.00
3	78	0.00
3	77	0.01
3	76	0.01
3	75	0.01
3	74	0.01
3	73	0.01
3	72	0.01
3	71	0.02
3	70	0.02
3	69	0.03
3	68	0.03
3	67	0.04
3	66	0.05
3	65	0.06
3	64	0.07
3	63	0.09
3	62	0.10
3	61	0.13
3	60	0.15
3	59	0.17
3	58	0.20
3	57	0.24
3	56	0.27
3	55	0.31
3	54	0.35
3	53	0.40
3	52	0.44
3	51	0.49
3	50	0.54
3	49	0.59
3	48	0.63
3	47	0.68
3	46	0.72
3	45	0.76
3	44	0.80
3	43	0.83
3	42	0.86
3	41	0.88
3	40	0.90
3	39	0.92
3	38	0.93
3	37	0.94
3	36	0.95
3	35	0.96
3	34	0.97
3	33	0.98
3	32	0.98
3	31	0.98
3	30	0.99
3	29	0.99
3	28	0.99
3	27	0.99
3	26	0.99
3	25	0.99
3	24	0.99
3	23	0.99
3	22	0.99
3	21	0.99
3	20	0.99
3	19	1.00
3	18	1.00
3	17	1.00
3	16	1.00
3	15	1.00
3	14	1.00
3	13	1.00
3	12	1.00
3	11	1.00
3	10	1.00
3	9	1.00
3	8	1.00
3	7	1.00
3	6	1.00
3	5	1.00
3	4	1.00
3	3	1.00
3	2	1.00
3	1	1.00
3	0	1.00
4	104	0.00
4	103	0.00
4	102	0.00
4	101	0.00
4	100	0.00
4	99	0.00
4	98	0.00
4	97	0.00
4	96	0.00
4	95	0.00
4	94	0.00
4	93	0.00
4	92	0.01
4	91	0.01
4	90	0.01
4	89	0.01
4	88	0.01
4	87	0.02
4	86	0.02
4	85	0.02
4	84	0.03
4	83	0.03
4	82	0.04
4	81	0.05
4	80	0.06
4	79	0.07
4	78	0.08
4	77	0.09
4	76	0.11
4	75	0.13
4	74	0.15
4	73	0.17
4	72	0.20
4	71	0.23
4	70	0.26
4	69	0.29
4	68	0.33
4	67	0.36
4	66	0.40
4	65	0.44
4	64	0.48
4	63	0.52
4	62	0.56
4	61	0.60
4	60	0.64
4	59	0.67
4	58	0.71
4	57	0.74
4	56	0.77
4	55	0.80
4	54	0.83
4	53	0.85
4	52	0.87
4	51	0.88
4	50	0.90
4	49	0.92
4	48	0.93
4	47	0.94
4	46	0.94
4	45	0.95
4	44	0.96
4	43	0.96
4	42	0.96
4	41	0.97
4	40	0.97
4	39	0.97
4	38	0.97
4	37	0.97
4	36	0.97
4	35	0.97
4	34	0.97
4	33	0.98
4	32	0.98
4	31	0.98
4	30	0.98
4	29	0.98
4	28	0.98
4	27	0.99
4	26	0.99
4	25	0.99
4	24	0.99
4	23	0.99
4	22	0.99
4	21	0.99
4	20	0.99
4	19	0.99
4	18	0.99
4	17	0.99
4	16	0.99
4	15	0.99
4	14	0.99
4	13	0.99
4	12	0.99
4	11	0.99
4	10	0.99
4	9	1.00
4	8	1.00
4	7	1.00
4	6	1.00
4	5	1.00
4	4	1.00
4	3	1.00
4	2	1.00
4	1	1.00
4	0	1.00
5	111	0.00
5	110	0.00
5	109	0.00
5	108	0.00
5	107	0.00
5	106	0.00
5	105	0.00
5	104	0.00
5	103	0.00
5	102	0.00
5	101	0.00
5	100	0.00
5	99	0.00
5	98	0.00
5	97	0.00
5	96	0.00
5	95	0.00
5	94	0.00
5	93	0.00
5	92	0.00
5	91	0.00
5	90	0.00
5	89	0.01
5	88	0.01
5	87	0.01
5	86	0.02
5	85	0.02
5	84	0.03
5	83	0.04
5	82	0.04
5	81	0.05
5	80	0.07
5	79	0.08
5	78	0.10
5	77	0.12
5	76	0.14
5	75	0.16
5	74	0.18
5	73	0.21
5	72	0.24
5	71	0.27
5	70	0.31
5	69	0.34
5	68	0.38
5	67	0.42
5	66	0.47
5	65	0.51
5	64	0.55
5	63	0.59
5	62	0.63
5	61	0.67
5	60	0.71
5	59	0.74
5	58	0.78
5	57	0.81
5	56	0.84
5	55	0.86
5	54	0.88
5	53	0.90
5	52	0.92
5	51	0.93
5	50	0.94
5	49	0.95
5	48	0.96
5	47	0.96
5	46	0.97
5	45	0.97
5	44	0.98
5	43	0.98
5	42	0.98
5	41	0.99
5	40	0.99
5	39	0.99
5	38	0.99
5	37	0.99
5	36	0.99
5	35	0.99
5	34	0.99
5	33	0.99
5	32	1.00
5	31	1.00
5	30	1.00
5	29	1.00
5	28	1.00
5	27	1.00
5	26	1.00
5	25	1.00
5	24	1.00
5	23	1.00
5	22	1.00
5	21	1.00
5	20	1.00
5	19	1.00
5	18	1.00
5	17	1.00
5	16	1.00
5	15	1.00
5	14	1.00
5	13	1.00
5	12	1.00
5	11	1.00
5	10	1.00
5	9	1.00
5	8	1.00
5	7	1.00
5	6	1.00
5	5	1.00
5	4	1.00
5	3	1.00
5	2	1.00
5	1	1.00
5	0	1.00
6	95	0.00
6	94	0.00
6	93	0.00
6	92	0.00
6	91	0.00
6	90	0.00
6	89	0.00
6	88	0.00
6	87	0.00
6	86	0.00
6	85	0.00
6	84	0.00
6	83	0.00
6	82	0.00
6	81	0.00
6	80	0.01
6	79	0.01
6	78	0.01
6	77	0.01
6	76	0.01
6	75	0.02
6	74	0.02
6	73	0.03
6	72	0.04
6	71	0.05
6	70	0.06
6	69	0.08
6	68	0.09
6	67	0.11
6	66	0.13
6	65	0.15
6	64	0.18
6	63	0.21
6	62	0.24
6	61	0.27
6	60	0.31
6	59	0.35
6	58	0.39
6	57	0.43
6	56	0.48
6	55	0.53
6	54	0.58
6	53	0.63
6	52	0.68
6	51	0.72
6	50	0.75
6	49	0.79
6	48	0.82
6	47	0.85
6	46	0.87
6	45	0.89
6	44	0.91
6	43	0.93
6	42	0.94
6	41	0.95
6	40	0.95
6	39	0.96
6	38	0.96
6	37	0.96
6	36	0.97
6	35	0.97
6	34	0.97
6	33	0.97
6	32	0.97
6	31	0.97
6	30	0.97
6	29	0.98
6	28	0.98
6	27	0.98
6	26	0.98
6	25	0.98
6	24	0.98
6	23	0.98
6	22	0.98
6	21	0.98
6	20	0.98
6	19	0.98
6	18	0.98
6	17	0.98
6	16	0.98
6	15	0.98
6	14	0.98
6	13	0.98
6	12	0.99
6	11	0.99
6	10	0.99
6	9	0.99
6	8	0.99
6	7	0.99
6	6	0.99
6	5	0.99
6	4	1.00
6	3	1.00
6	2	1.00
6	1	1.00
6	0	1.00
7	208	0.00
7	207	0.00
7	206	0.00
7	205	0.00
7	204	0.00
7	203	0.00
7	202	0.00
7	201	0.00
7	200	0.00
7	199	0.00
7	198	0.00
7	197	0.00
7	196	0.00
7	195	0.00
7	194	0.00
7	193	0.00
7	192	0.00
7	191	0.00
7	190	0.00
7	189	0.00
7	188	0.00
7	187	0.00
7	186	0.00
7	185	0.00
7	184	0.00
7	183	0.00
7	182	0.00
7	181	0.00
7	180	0.00
7	179	0.00
7	178	0.00
7	177	0.00
7	176	0.00
7	175	0.00
7	174	0.00
7	173	0.00
7	172	0.00
7	171	0.00
7	170	0.00
7	169	0.00
7	168	0.00
7	167	0.00
7	166	0.00
7	165	0.00
7	164	0.00
7	163	0.00
7	162	0.00
7	161	0.00
7	160	0.00
7	159	0.00
7	158	0.00
7	157	0.00
7	156	0.00
7	155	0.00
7	154	0.00
7	153	0.00
7	152	0.00
7	151	0.00
7	150	0.00
7	149	0.00
7	148	0.00
7	147	0.00
7	146	0.00
7	145	0.00
7	144	0.00
7	143	0.00
7	142	0.00
7	141	0.00
7	140	0.00
7	139	0.00
7	138	0.00
7	137	0.00
7	136	0.00
7	135	0.00
7	134	0.00
7	133	0.00
7	132	0.01
7	131	0.01
7	130	0.01
7	129	0.01
7	128	0.01
7	127	0.01
7	126	0.01
7	125	0.01
7	124	0.01
7	123	0.01
7	122	0.01
7	121	0.01
7	120	0.01
7	119	0.01
7	118	0.01
7	117	0.01
7	116	0.01
7	115	0.01
7	114	0.01
7	113	0.01
7	112	0.01
7	111	0.01
7	110	0.01
7	109	0.01
7	108	0.01
7	107	0.01
7	106	0.01
7	105	0.01
7	104	0.01
7	103	0.01
7	102	0.01
7	101	0.01
7	100	0.01
7	99	0.01
7	98	0.01
7	97	0.01
7	96	0.01
7	95	0.01
7	94	0.01
7	93	0.01
7	92	0.01
7	91	0.02
7	90	0.02
7	89	0.02
7	88	0.02
7	87	0.03
7	86	0.03
7	85	0.04
7	84	0.05
7	83	0.05
7	82	0.06
7	81	0.08
7	80	0.09
7	79	0.11
7	78	0.13
7	77	0.15
7	76	0.17
7	75	0.20
7	74	0.22
7	73	0.25
7	72	0.29
7	71	0.32
7	70	0.36
7	69	0.40
7	68	0.43
7	67	0.47
7	66	0.51
7	65	0.55
7	64	0.59
7	63	0.63
7	62	0.66
7	61	0.69
7	60	0.73
7	59	0.75
7	58	0.78
7	57	0.80
7	56	0.83
7	55	0.85
7	54	0.87
7	53	0.88
7	52	0.90
7	51	0.91
7	50	0.92
7	49	0.93
7	48	0.94
7	47	0.95
7	46	0.95
7	45	0.96
7	44	0.96
7	43	0.96
7	42	0.97
7	41	0.97
7	40	0.97
7	39	0.98
7	38	0.98
7	37	0.98
7	36	0.98
7	35	0.98
7	34	0.98
7	33	0.98
7	32	0.99
7	31	0.99
7	30	0.99
7	29	0.99
7	28	0.99
7	27	0.99
7	26	0.99
7	25	0.99
7	24	0.99
7	23	0.99
7	22	0.99
7	21	0.99
7	20	0.99
7	19	0.99
7	18	0.99
7	17	0.99
7	16	0.99
7	15	0.99
7	14	0.99
7	13	0.99
7	12	0.99
7	11	0.99
7	10	0.99
7	9	0.99
7	8	0.99
7	7	0.99
7	6	0.99
7	5	0.99
7	4	0.99
7	3	0.99
7	2	1.00
7	1	1.00
7	0	1.00
8	99	0.00
8	98	0.00
8	97	0.00
8	96	0.00
8	95	0.00
8	94	0.00
8	93	0.00
8	92	0.00
8	91	0.00
8	90	0.01
8	89	0.01
8	88	0.01
8	87	0.01
8	86	0.01
8	85	0.02
8	84	0.02
8	83	0.03
8	82	0.04
8	81	0.04
8	80	0.05
8	79	0.07
8	78	0.08
8	77	0.10
8	76	0.11
8	75	0.13
8	74	0.15
8	73	0.18
8	72	0.21
8	71	0.24
8	70	0.28
8	69	0.31
8	68	0.35
8	67	0.39
8	66	0.44
8	65	0.48
8	64	0.52
8	63	0.56
8	62	0.60
8	61	0.64
8	60	0.68
8	59	0.72
8	58	0.75
8	57	0.79
8	56	0.81
8	55	0.84
8	54	0.86
8	53	0.88
8	52	0.90
8	51	0.91
8	50	0.93
8	49	0.94
8	48	0.94
8	47	0.95
8	46	0.96
8	45	0.96
8	44	0.97
8	43	0.97
8	42	0.98
8	41	0.98
8	40	0.98
8	39	0.98
8	38	0.99
8	37	0.99
8	36	0.99
8	35	0.99
8	34	0.99
8	33	0.99
8	32	0.99
8	31	0.99
8	30	1.00
8	29	1.00
8	28	1.00
8	27	1.00
8	26	1.00
8	25	1.00
8	24	1.00
8	23	1.00
8	22	1.00
8	21	1.00
8	20	1.00
8	19	1.00
8	18	1.00
8	17	1.00
8	16	1.00
8	15	1.00
8	14	1.00
8	13	1.00
8	12	1.00
8	11	1.00
8	10	1.00
8	9	1.00
8	8	1.00
8	7	1.00
8	6	1.00
8	5	1.00
8	4	1.00
8	3	1.00
8	2	1.00
8	1	1.00
8	0	1.00
9	110	0.00
9	109	0.00
9	108	0.00
9	107	0.00
9	106	0.00
9	105	0.00
9	104	0.00
9	103	0.00
9	102	0.00
9	101	0.00
9	100	0.00
9	99	0.00
9	98	0.01
9	97	0.01
9	96	0.01
9	95	0.01
9	94	0.01
9	93	0.02
9	92	0.02
9	91	0.02
9	90	0.03
9	89	0.03
9	88	0.04
9	87	0.05
9	86	0.05
9	85	0.06
9	84	0.07
9	83	0.08
9	82	0.09
9	81	0.10
9	80	0.12
9	79	0.13
9	78	0.15
9	77	0.17
9	76	0.19
9	75	0.21
9	74	0.23
9	73	0.26
9	72	0.29
9	71	0.32
9	70	0.35
9	69	0.38
9	68	0.42
9	67	0.45
9	66	0.49
9	65	0.52
9	64	0.56
9	63	0.59
9	62	0.63
9	61	0.66
9	60	0.70
9	59	0.73
9	58	0.75
9	57	0.78
9	56	0.80
9	55	0.83
9	54	0.85
9	53	0.87
9	52	0.89
9	51	0.91
9	50	0.92
9	49	0.93
9	48	0.94
9	47	0.95
9	46	0.96
9	45	0.96
9	44	0.97
9	43	0.97
9	42	0.97
9	41	0.97
9	40	0.98
9	39	0.98
9	38	0.98
9	37	0.98
9	36	0.98
9	35	0.98
9	34	0.98
9	33	0.98
9	32	0.99
9	31	0.99
9	30	0.99
9	29	0.99
9	28	0.99
9	27	0.99
9	26	0.99
9	25	0.99
9	24	0.99
9	23	0.99
9	22	0.99
9	21	0.99
9	20	0.99
9	19	1.00
9	18	1.00
9	17	1.00
9	16	1.00
9	15	1.00
9	14	1.00
9	13	1.00
9	12	1.00
9	11	1.00
9	10	1.00
9	9	1.00
9	8	1.00
9	7	1.00
9	6	1.00
9	5	1.00
9	4	1.00
9	3	1.00
9	2	1.00
9	1	1.00
9	0	1.00
10	101	0.00
10	100	0.00
10	99	0.00
10	98	0.00
10	97	0.00
10	96	0.00
10	95	0.01
10	94	0.01
10	93	0.01
10	92	0.01
10	91	0.02
10	90	0.02
10	89	0.02
10	88	0.03
10	87	0.03
10	86	0.04
10	85	0.05
10	84	0.06
10	83	0.07
10	82	0.08
10	81	0.10
10	80	0.11
10	79	0.13
10	78	0.15
10	77	0.17
10	76	0.19
10	75	0.22
10	74	0.25
10	73	0.28
10	72	0.31
10	71	0.34
10	70	0.37
10	69	0.40
10	68	0.43
10	67	0.46
10	66	0.50
10	65	0.53
10	64	0.57
10	63	0.60
10	62	0.64
10	61	0.66
10	60	0.69
10	59	0.72
10	58	0.75
10	57	0.77
10	56	0.80
10	55	0.82
10	54	0.85
10	53	0.87
10	52	0.89
10	51	0.91
10	50	0.93
10	49	0.94
10	48	0.95
10	47	0.96
10	46	0.97
10	45	0.97
10	44	0.98
10	43	0.99
10	42	0.99
10	41	0.99
10	40	0.99
10	39	0.99
10	38	0.99
10	37	1.00
10	36	1.00
10	35	1.00
10	34	1.00
10	33	1.00
10	32	1.00
10	31	1.00
10	30	1.00
10	29	1.00
10	28	1.00
10	27	1.00
10	26	1.00
10	25	1.00
10	24	1.00
10	23	1.00
10	22	1.00
10	21	1.00
10	20	1.00
10	19	1.00
10	18	1.00
10	17	1.00
10	16	1.00
10	15	1.00
10	14	1.00
10	13	1.00
10	12	1.00
10	11	1.00
10	10	1.00
10	9	1.00
10	8	1.00
10	7	1.00
10	6	1.00
10	5	1.00
10	4	1.00
10	3	1.00
10	2	1.00
10	1	1.00
10	0	1.00
11	86	0.00
11	85	0.00
11	84	0.00
11	83	0.00
11	82	0.00
11	81	0.00
11	80	0.00
11	79	0.01
11	78	0.01
11	77	0.01
11	76	0.01
11	75	0.02
11	74	0.02
11	73	0.03
11	72	0.04
11	71	0.04
11	70	0.05
11	69	0.07
11	68	0.08
11	67	0.10
11	66	0.12
11	65	0.14
11	64	0.17
11	63	0.20
11	62	0.23
11	61	0.27
11	60	0.31
11	59	0.35
11	58	0.39
11	57	0.43
11	56	0.48
11	55	0.53
11	54	0.57
11	53	0.62
11	52	0.66
11	51	0.69
11	50	0.73
11	49	0.76
11	48	0.79
11	47	0.82
11	46	0.84
11	45	0.86
11	44	0.88
11	43	0.90
11	42	0.92
11	41	0.93
11	40	0.94
11	39	0.95
11	38	0.96
11	37	0.96
11	36	0.97
11	35	0.97
11	34	0.97
11	33	0.98
11	32	0.98
11	31	0.98
11	30	0.98
11	29	0.99
11	28	0.99
11	27	0.99
11	26	0.99
11	25	0.99
11	24	0.99
11	23	0.99
11	22	0.99
11	21	0.99
11	20	0.99
11	19	1.00
11	18	1.00
11	17	1.00
11	16	1.00
11	15	1.00
11	14	1.00
11	13	1.00
11	12	1.00
11	11	1.00
11	10	1.00
11	9	1.00
11	8	1.00
11	7	1.00
11	6	1.00
11	5	1.00
11	4	1.00
11	3	1.00
11	2	1.00
11	1	1.00
11	0	1.00
12	99	0.00
12	98	0.00
12	97	0.00
12	96	0.00
12	95	0.00
12	94	0.00
12	93	0.00
12	92	0.00
12	91	0.01
12	90	0.01
12	89	0.01
12	88	0.01
12	87	0.02
12	86	0.02
12	85	0.03
12	84	0.03
12	83	0.04
12	82	0.05
12	81	0.06
12	80	0.08
12	79	0.09
12	78	0.11
12	77	0.13
12	76	0.15
12	75	0.17
12	74	0.20
12	73	0.23
12	72	0.26
12	71	0.29
12	70	0.33
12	69	0.36
12	68	0.39
12	67	0.43
12	66	0.47
12	65	0.51
12	64	0.55
12	63	0.59
12	62	0.63
12	61	0.67
12	60	0.70
12	59	0.73
12	58	0.77
12	57	0.79
12	56	0.82
12	55	0.84
12	54	0.87
12	53	0.89
12	52	0.90
12	51	0.92
12	50	0.94
12	49	0.95
12	48	0.96
12	47	0.96
12	46	0.97
12	45	0.98
12	44	0.98
12	43	0.98
12	42	0.98
12	41	0.99
12	40	0.99
12	39	0.99
12	38	0.99
12	37	0.99
12	36	0.99
12	35	0.99
12	34	0.99
12	33	0.99
12	32	0.99
12	31	0.99
12	30	0.99
12	29	0.99
12	28	0.99
12	27	0.99
12	26	0.99
12	25	0.99
12	24	0.99
12	23	0.99
12	22	0.99
12	21	0.99
12	20	1.00
12	19	1.00
12	18	1.00
12	17	1.00
12	16	1.00
12	15	1.00
12	14	1.00
12	13	1.00
12	12	1.00
12	11	1.00
12	10	1.00
12	9	1.00
12	8	1.00
12	7	1.00
12	6	1.00
12	5	1.00
12	4	1.00
12	3	1.00
12	2	1.00
12	1	1.00
12	0	1.00
13	102	0.00
13	101	0.00
13	100	0.00
13	99	0.00
13	98	0.00
13	97	0.00
13	96	0.00
13	95	0.00
13	94	0.00
13	93	0.00
13	92	0.00
13	91	0.00
13	90	0.01
13	89	0.01
13	88	0.01
13	87	0.01
13	86	0.01
13	85	0.02
13	84	0.02
13	83	0.03
13	82	0.03
13	81	0.04
13	80	0.05
13	79	0.07
13	78	0.08
13	77	0.09
13	76	0.11
13	75	0.13
13	74	0.15
13	73	0.18
13	72	0.20
13	71	0.23
13	70	0.27
13	69	0.30
13	68	0.34
13	67	0.37
13	66	0.41
13	65	0.45
13	64	0.49
13	63	0.53
13	62	0.57
13	61	0.60
13	60	0.64
13	59	0.68
13	58	0.72
13	57	0.75
13	56	0.78
13	55	0.80
13	54	0.83
13	53	0.85
13	52	0.86
13	51	0.88
13	50	0.89
13	49	0.90
13	48	0.91
13	47	0.92
13	46	0.92
13	45	0.93
13	44	0.93
13	43	0.94
13	42	0.94
13	41	0.94
13	40	0.95
13	39	0.95
13	38	0.95
13	37	0.95
13	36	0.95
13	35	0.95
13	34	0.96
13	33	0.96
13	32	0.96
13	31	0.96
13	30	0.96
13	29	0.96
13	28	0.96
13	27	0.96
13	26	0.96
13	25	0.96
13	24	0.96
13	23	0.96
13	22	0.96
13	21	0.96
13	20	0.96
13	19	0.96
13	18	0.96
13	17	0.97
13	16	0.97
13	15	0.97
13	14	0.97
13	13	0.97
13	12	0.97
13	11	0.97
13	10	0.98
13	9	0.98
13	8	0.98
13	7	0.99
13	6	0.99
13	5	0.99
13	4	0.99
13	3	1.00
13	2	1.00
13	1	1.00
13	0	1.00
14	95	0.00
14	94	0.00
14	93	0.00
14	92	0.00
14	91	0.00
14	90	0.01
14	89	0.01
14	88	0.01
14	87	0.02
14	86	0.02
14	85	0.03
14	84	0.03
14	83	0.04
14	82	0.05
14	81	0.05
14	80	0.06
14	79	0.07
14	78	0.09
14	77	0.10
14	76	0.12
14	75	0.14
14	74	0.16
14	73	0.19
14	72	0.22
14	71	0.25
14	70	0.28
14	69	0.31
14	68	0.35
14	67	0.39
14	66	0.42
14	65	0.46
14	64	0.50
14	63	0.54
14	62	0.58
14	61	0.63
14	60	0.67
14	59	0.72
14	58	0.76
14	57	0.79
14	56	0.82
14	55	0.84
14	54	0.86
14	53	0.87
14	52	0.89
14	51	0.91
14	50	0.92
14	49	0.93
14	48	0.95
14	47	0.95
14	46	0.96
14	45	0.97
14	44	0.97
14	43	0.98
14	42	0.98
14	41	0.98
14	40	0.98
14	39	0.98
14	38	0.99
14	37	0.99
14	36	0.99
14	35	0.99
14	34	0.99
14	33	1.00
14	32	1.00
14	31	1.00
14	30	1.00
14	29	1.00
14	28	1.00
14	27	1.00
14	26	1.00
14	25	1.00
14	24	1.00
14	23	1.00
14	22	1.00
14	21	1.00
14	20	1.00
14	19	1.00
14	18	1.00
14	17	1.00
14	16	1.00
14	15	1.00
14	14	1.00
14	13	1.00
14	12	1.00
14	11	1.00
14	10	1.00
14	9	1.00
14	8	1.00
14	7	1.00
14	6	1.00
14	5	1.00
14	4	1.00
14	3	1.00
14	2	1.00
14	1	1.00
14	0	1.00
15	95	0.00
15	94	0.00
15	93	0.00
15	92	0.00
15	91	0.00
15	90	0.00
15	89	0.00
15	88	0.00
15	87	0.00
15	86	0.00
15	85	0.01
15	84	0.01
15	83	0.01
15	82	0.01
15	81	0.02
15	80	0.03
15	79	0.03
15	78	0.04
15	77	0.05
15	76	0.07
15	75	0.08
15	74	0.10
15	73	0.11
15	72	0.13
15	71	0.16
15	70	0.18
15	69	0.21
15	68	0.24
15	67	0.28
15	66	0.31
15	65	0.35
15	64	0.40
15	63	0.44
15	62	0.48
15	61	0.53
15	60	0.57
15	59	0.62
15	58	0.66
15	57	0.70
15	56	0.74
15	55	0.77
15	54	0.81
15	53	0.84
15	52	0.86
15	51	0.89
15	50	0.91
15	49	0.92
15	48	0.93
15	47	0.95
15	46	0.95
15	45	0.96
15	44	0.97
15	43	0.98
15	42	0.98
15	41	0.98
15	40	0.99
15	39	0.99
15	38	0.99
15	37	0.99
15	36	0.99
15	35	0.99
15	34	0.99
15	33	1.00
15	32	1.00
15	31	1.00
15	30	1.00
15	29	1.00
15	28	1.00
15	27	1.00
15	26	1.00
15	25	1.00
15	24	1.00
15	23	1.00
15	22	1.00
15	21	1.00
15	20	1.00
15	19	1.00
15	18	1.00
15	17	1.00
15	16	1.00
15	15	1.00
15	14	1.00
15	13	1.00
15	12	1.00
15	11	1.00
15	10	1.00
15	9	1.00
15	8	1.00
15	7	1.00
15	6	1.00
15	5	1.00
15	4	1.00
15	3	1.00
15	2	1.00
15	1	1.00
15	0	1.00
16	98	0.00
16	97	0.00
16	96	0.00
16	95	0.00
16	94	0.00
16	93	0.00
16	92	0.00
16	91	0.01
16	90	0.01
16	89	0.01
16	88	0.01
16	87	0.01
16	86	0.02
16	85	0.02
16	84	0.03
16	83	0.03
16	82	0.04
16	81	0.05
16	80	0.06
16	79	0.07
16	78	0.09
16	77	0.11
16	76	0.13
16	75	0.15
16	74	0.17
16	73	0.20
16	72	0.22
16	71	0.25
16	70	0.29
16	69	0.32
16	68	0.35
16	67	0.39
16	66	0.43
16	65	0.47
16	64	0.51
16	63	0.55
16	62	0.59
16	61	0.63
16	60	0.67
16	59	0.71
16	58	0.75
16	57	0.78
16	56	0.81
16	55	0.83
16	54	0.85
16	53	0.88
16	52	0.89
16	51	0.91
16	50	0.92
16	49	0.93
16	48	0.94
16	47	0.95
16	46	0.95
16	45	0.96
16	44	0.96
16	43	0.97
16	42	0.97
16	41	0.98
16	40	0.98
16	39	0.98
16	38	0.98
16	37	0.98
16	36	0.98
16	35	0.99
16	34	0.99
16	33	0.99
16	32	0.99
16	31	0.99
16	30	0.99
16	29	0.99
16	28	0.99
16	27	0.99
16	26	0.99
16	25	0.99
16	24	0.99
16	23	1.00
16	22	1.00
16	21	1.00
16	20	1.00
16	19	1.00
16	18	1.00
16	17	1.00
16	16	1.00
16	15	1.00
16	14	1.00
16	13	1.00
16	12	1.00
16	11	1.00
16	10	1.00
16	9	1.00
16	8	1.00
16	7	1.00
16	6	1.00
16	5	1.00
16	4	1.00
16	3	1.00
16	2	1.00
16	1	1.00
16	0	1.00
17	133	0.00
17	132	0.00
17	131	0.00
17	130	0.00
17	129	0.00
17	128	0.00
17	127	0.00
17	126	0.00
17	125	0.00
17	124	0.00
17	123	0.00
17	122	0.00
17	121	0.01
17	120	0.01
17	119	0.01
17	118	0.01
17	117	0.01
17	116	0.01
17	115	0.02
17	114	0.02
17	113	0.02
17	112	0.02
17	111	0.03
17	110	0.03
17	109	0.04
17	108	0.05
17	107	0.05
17	106	0.06
17	105	0.07
17	104	0.08
17	103	0.10
17	102	0.11
17	101	0.12
17	100	0.14
17	99	0.16
17	98	0.18
17	97	0.20
17	96	0.22
17	95	0.24
17	94	0.26
17	93	0.28
17	92	0.31
17	91	0.33
17	90	0.36
17	89	0.38
17	88	0.41
17	87	0.44
17	86	0.46
17	85	0.49
17	84	0.52
17	83	0.54
17	82	0.57
17	81	0.59
17	80	0.61
17	79	0.63
17	78	0.65
17	77	0.67
17	76	0.69
17	75	0.71
17	74	0.73
17	73	0.74
17	72	0.76
17	71	0.77
17	70	0.78
17	69	0.80
17	68	0.81
17	67	0.83
17	66	0.84
17	65	0.86
17	64	0.87
17	63	0.88
17	62	0.89
17	61	0.90
17	60	0.91
17	59	0.92
17	58	0.93
17	57	0.94
17	56	0.95
17	55	0.95
17	54	0.96
17	53	0.97
17	52	0.97
17	51	0.98
17	50	0.98
17	49	0.98
17	48	0.98
17	47	0.98
17	46	0.99
17	45	0.99
17	44	0.99
17	43	0.99
17	42	0.99
17	41	0.99
17	40	0.99
17	39	0.99
17	38	0.99
17	37	1.00
17	36	1.00
17	35	1.00
17	34	1.00
17	33	1.00
17	32	1.00
17	31	1.00
17	30	1.00
17	29	1.00
17	28	1.00
17	27	1.00
17	26	1.00
17	25	1.00
17	24	1.00
17	23	1.00
17	22	1.00
17	21	1.00
17	20	1.00
17	19	1.00
17	18	1.00
17	17	1.00
17	16	1.00
17	15	1.00
17	14	1.00
17	13	1.00
17	12	1.00
17	11	1.00
17	10	1.00
17	9	1.00
17	8	1.00
17	7	1.00
17	6	1.00
17	5	1.00
17	4	1.00
17	3	1.00
17	2	1.00
17	1	1.00
17	0	1.00
18	94	0.00
18	93	0.00
18	92	0.00
18	91	0.01
18	90	0.01
18	89	0.01
18	88	0.01
18	87	0.01
18	86	0.01
18	85	0.02
18	84	0.02
18	83	0.03
18	82	0.04
18	81	0.04
18	80	0.05
18	79	0.06
18	78	0.06
18	77	0.07
18	76	0.08
18	75	0.10
18	74	0.12
18	73	0.15
18	72	0.17
18	71	0.21
18	70	0.24
18	69	0.28
18	68	0.31
18	67	0.35
18	66	0.38
18	65	0.41
18	64	0.45
18	63	0.49
18	62	0.52
18	61	0.56
18	60	0.60
18	59	0.65
18	58	0.68
18	57	0.72
18	56	0.75
18	55	0.79
18	54	0.81
18	53	0.83
18	52	0.84
18	51	0.86
18	50	0.87
18	49	0.88
18	48	0.89
18	47	0.90
18	46	0.90
18	45	0.91
18	44	0.91
18	43	0.91
18	42	0.91
18	41	0.92
18	40	0.92
18	39	0.92
18	38	0.93
18	37	0.94
18	36	0.94
18	35	0.95
18	34	0.96
18	33	0.96
18	32	0.96
18	31	0.96
18	30	0.96
18	29	0.96
18	28	0.96
18	27	0.97
18	26	0.97
18	25	0.97
18	24	0.97
18	23	0.97
18	22	0.97
18	21	0.97
18	20	0.97
18	19	0.97
18	18	0.97
18	17	0.97
18	16	0.97
18	15	0.98
18	14	0.98
18	13	0.98
18	12	0.99
18	11	0.99
18	10	0.99
18	9	0.99
18	8	0.99
18	7	0.99
18	6	0.99
18	5	0.99
18	4	0.99
18	3	0.99
18	2	1.00
18	1	1.00
18	0	1.00
19	105	0.00
19	104	0.00
19	103	0.00
19	102	0.00
19	101	0.00
19	100	0.00
19	99	0.00
19	98	0.00
19	97	0.00
19	96	0.01
19	95	0.01
19	94	0.01
19	93	0.01
19	92	0.02
19	91	0.02
19	90	0.02
19	89	0.03
19	88	0.03
19	87	0.04
19	86	0.05
19	85	0.06
19	84	0.06
19	83	0.08
19	82	0.09
19	81	0.10
19	80	0.12
19	79	0.13
19	78	0.15
19	77	0.17
19	76	0.19
19	75	0.22
19	74	0.25
19	73	0.28
19	72	0.31
19	71	0.34
19	70	0.37
19	69	0.41
19	68	0.44
19	67	0.47
19	66	0.51
19	65	0.54
19	64	0.58
19	63	0.61
19	62	0.64
19	61	0.67
19	60	0.70
19	59	0.73
19	58	0.76
19	57	0.78
19	56	0.80
19	55	0.83
19	54	0.84
19	53	0.86
19	52	0.88
19	51	0.89
19	50	0.90
19	49	0.91
19	48	0.92
19	47	0.92
19	46	0.93
19	45	0.93
19	44	0.94
19	43	0.94
19	42	0.94
19	41	0.95
19	40	0.95
19	39	0.95
19	38	0.96
19	37	0.96
19	36	0.96
19	35	0.96
19	34	0.96
19	33	0.97
19	32	0.97
19	31	0.97
19	30	0.97
19	29	0.97
19	28	0.97
19	27	0.98
19	26	0.98
19	25	0.98
19	24	0.98
19	23	0.98
19	22	0.98
19	21	0.98
19	20	0.98
19	19	0.99
19	18	0.99
19	17	0.99
19	16	0.99
19	15	0.99
19	14	0.99
19	13	0.99
19	12	0.99
19	11	0.99
19	10	0.99
19	9	0.99
19	8	0.99
19	7	0.99
19	6	1.00
19	5	1.00
19	4	1.00
19	3	1.00
19	2	1.00
19	1	1.00
19	0	1.00
20	116	0.00
20	115	0.00
20	114	0.00
20	113	0.00
20	112	0.00
20	111	0.00
20	110	0.00
20	109	0.00
20	108	0.00
20	107	0.00
20	106	0.00
20	105	0.00
20	104	0.00
20	103	0.00
20	102	0.00
20	101	0.00
20	100	0.00
20	99	0.00
20	98	0.00
20	97	0.01
20	96	0.01
20	95	0.01
20	94	0.01
20	93	0.01
20	92	0.01
20	91	0.01
20	90	0.02
20	89	0.02
20	88	0.02
20	87	0.03
20	86	0.03
20	85	0.03
20	84	0.04
20	83	0.05
20	82	0.05
20	81	0.06
20	80	0.07
20	79	0.09
20	78	0.10
20	77	0.12
20	76	0.13
20	75	0.15
20	74	0.18
20	73	0.20
20	72	0.22
20	71	0.26
20	70	0.29
20	69	0.33
20	68	0.37
20	67	0.41
20	66	0.45
20	65	0.49
20	64	0.53
20	63	0.57
20	62	0.60
20	61	0.64
20	60	0.67
20	59	0.71
20	58	0.74
20	57	0.77
20	56	0.79
20	55	0.82
20	54	0.85
20	53	0.87
20	52	0.89
20	51	0.91
20	50	0.93
20	49	0.94
20	48	0.95
20	47	0.96
20	46	0.96
20	45	0.97
20	44	0.97
20	43	0.98
20	42	0.98
20	41	0.98
20	40	0.98
20	39	0.99
20	38	0.99
20	37	0.99
20	36	0.99
20	35	0.99
20	34	0.99
20	33	0.99
20	32	0.99
20	31	0.99
20	30	0.99
20	29	0.99
20	28	0.99
20	27	0.99
20	26	0.99
20	25	0.99
20	24	0.99
20	23	0.99
20	22	0.99
20	21	0.99
20	20	0.99
20	19	0.99
20	18	0.99
20	17	0.99
20	16	0.99
20	15	0.99
20	14	0.99
20	13	0.99
20	12	0.99
20	11	0.99
20	10	0.99
20	9	0.99
20	8	0.99
20	7	0.99
20	6	0.99
20	5	0.99
20	4	0.99
20	3	0.99
20	2	1.00
20	1	1.00
20	0	1.00
21	135	0.00
21	134	0.00
21	133	0.00
21	132	0.00
21	131	0.00
21	130	0.00
21	129	0.00
21	128	0.00
21	127	0.00
21	126	0.00
21	125	0.00
21	124	0.00
21	123	0.00
21	122	0.00
21	121	0.00
21	120	0.00
21	119	0.00
21	118	0.00
21	117	0.00
21	116	0.00
21	115	0.00
21	114	0.00
21	113	0.00
21	112	0.00
21	111	0.00
21	110	0.00
21	109	0.00
21	108	0.00
21	107	0.00
21	106	0.00
21	105	0.00
21	104	0.00
21	103	0.00
21	102	0.00
21	101	0.00
21	100	0.00
21	99	0.00
21	98	0.00
21	97	0.00
21	96	0.00
21	95	0.00
21	94	0.00
21	93	0.00
21	92	0.00
21	91	0.00
21	90	0.00
21	89	0.00
21	88	0.01
21	87	0.01
21	86	0.01
21	85	0.01
21	84	0.02
21	83	0.02
21	82	0.03
21	81	0.04
21	80	0.04
21	79	0.05
21	78	0.06
21	77	0.08
21	76	0.09
21	75	0.11
21	74	0.13
21	73	0.15
21	72	0.18
21	71	0.20
21	70	0.23
21	69	0.27
21	68	0.30
21	67	0.34
21	66	0.38
21	65	0.42
21	64	0.46
21	63	0.50
21	62	0.55
21	61	0.59
21	60	0.63
21	59	0.67
21	58	0.71
21	57	0.75
21	56	0.78
21	55	0.81
21	54	0.84
21	53	0.87
21	52	0.89
21	51	0.91
21	50	0.93
21	49	0.94
21	48	0.95
21	47	0.96
21	46	0.97
21	45	0.97
21	44	0.98
21	43	0.98
21	42	0.99
21	41	0.99
21	40	0.99
21	39	0.99
21	38	0.99
21	37	1.00
21	36	1.00
21	35	1.00
21	34	1.00
21	33	1.00
21	32	1.00
21	31	1.00
21	30	1.00
21	29	1.00
21	28	1.00
21	27	1.00
21	26	1.00
21	25	1.00
21	24	1.00
21	23	1.00
21	22	1.00
21	21	1.00
21	20	1.00
21	19	1.00
21	18	1.00
21	17	1.00
21	16	1.00
21	15	1.00
21	14	1.00
21	13	1.00
21	12	1.00
21	11	1.00
21	10	1.00
21	9	1.00
21	8	1.00
21	7	1.00
21	6	1.00
21	5	1.00
21	4	1.00
21	3	1.00
21	2	1.00
21	1	1.00
21	0	1.00
22	140	0.00
22	139	0.00
22	138	0.00
22	137	0.00
22	136	0.00
22	135	0.00
22	134	0.00
22	133	0.00
22	132	0.00
22	131	0.00
22	130	0.00
22	129	0.00
22	128	0.00
22	127	0.00
22	126	0.00
22	125	0.00
22	124	0.00
22	123	0.00
22	122	0.00
22	121	0.00
22	120	0.00
22	119	0.00
22	118	0.00
22	117	0.00
22	116	0.00
22	115	0.00
22	114	0.00
22	113	0.00
22	112	0.00
22	111	0.00
22	110	0.00
22	109	0.00
22	108	0.00
22	107	0.00
22	106	0.00
22	105	0.00
22	104	0.00
22	103	0.00
22	102	0.00
22	101	0.00
22	100	0.00
22	99	0.00
22	98	0.00
22	97	0.01
22	96	0.01
22	95	0.01
22	94	0.01
22	93	0.01
22	92	0.01
22	91	0.01
22	90	0.02
22	89	0.02
22	88	0.02
22	87	0.03
22	86	0.03
22	85	0.04
22	84	0.04
22	83	0.05
22	82	0.06
22	81	0.07
22	80	0.08
22	79	0.09
22	78	0.11
22	77	0.13
22	76	0.15
22	75	0.17
22	74	0.20
22	73	0.22
22	72	0.25
22	71	0.28
22	70	0.31
22	69	0.34
22	68	0.37
22	67	0.41
22	66	0.44
22	65	0.47
22	64	0.51
22	63	0.54
22	62	0.57
22	61	0.61
22	60	0.64
22	59	0.67
22	58	0.71
22	57	0.74
22	56	0.77
22	55	0.80
22	54	0.82
22	53	0.84
22	52	0.86
22	51	0.87
22	50	0.89
22	49	0.90
22	48	0.91
22	47	0.92
22	46	0.93
22	45	0.94
22	44	0.94
22	43	0.94
22	42	0.95
22	41	0.95
22	40	0.95
22	39	0.96
22	38	0.96
22	37	0.96
22	36	0.96
22	35	0.97
22	34	0.97
22	33	0.97
22	32	0.97
22	31	0.97
22	30	0.97
22	29	0.97
22	28	0.98
22	27	0.98
22	26	0.98
22	25	0.98
22	24	0.98
22	23	0.98
22	22	0.98
22	21	0.98
22	20	0.98
22	19	0.98
22	18	0.98
22	17	0.98
22	16	0.98
22	15	0.98
22	14	0.98
22	13	0.98
22	12	0.99
22	11	0.99
22	10	0.99
22	9	0.99
22	8	0.99
22	7	0.99
22	6	0.99
22	5	0.99
22	4	0.99
22	3	0.99
22	2	0.99
22	1	1.00
22	0	1.00
X	116	0.00
X	115	0.00
X	114	0.00
X	113	0.00
X	112	0.00
X	111	0.00
X	110	0.00
X	109	0.00
X	108	0.00
X	107	0.00
X	106	0.00
X	105	0.00
X	104	0.00
X	103	0.01
X	102	0.01
X	101	0.01
X	100	0.01
X	99	0.01
X	98	0.01
X	97	0.01
X	96	0.02
X	95	0.02
X	94	0.03
X	93	0.03
X	92	0.04
X	91	0.04
X	90	0.05
X	89	0.06
X	88	0.07
X	87	0.09
X	86	0.11
X	85	0.12
X	84	0.15
X	83	0.17
X	82	0.19
X	81	0.22
X	80	0.24
X	79	0.28
X	78	0.31
X	77	0.34
X	76	0.38
X	75	0.41
X	74	0.45
X	73	0.48
X	72	0.51
X	71	0.55
X	70	0.59
X	69	0.62
X	68	0.66
X	67	0.69
X	66	0.72
X	65	0.75
X	64	0.78
X	63	0.81
X	62	0.83
X	61	0.85
X	60	0.87
X	59	0.89
X	58	0.91
X	57	0.92
X	56	0.93
X	55	0.94
X	54	0.95
X	53	0.96
X	52	0.96
X	51	0.97
X	50	0.97
X	49	0.98
X	48	0.98
X	47	0.98
X	46	0.98
X	45	0.98
X	44	0.99
X	43	0.99
X	42	0.99
X	41	0.99
X	40	0.99
X	39	0.99
X	38	0.99
X	37	0.99
X	36	0.99
X	35	0.99
X	34	1.00
X	33	1.00
X	32	1.00
X	31	1.00
X	30	1.00
X	29	1.00
X	28	1.00
X	27	1.00
X	26	1.00
X	25	1.00
X	24	1.00
X	23	1.00
X	22	1.00
X	21	1.00
X	20	1.00
X	19	1.00
X	18	1.00
X	17	1.00
X	16	1.00
X	15	1.00
X	14	1.00
X	13	1.00
X	12	1.00
X	11	1.00
X	10	1.00
X	9	1.00
X	8	1.00
X	7	1.00
X	6	1.00
X	5	1.00
X	4	1.00
X	3	1.00
X	2	1.00
X	1	1.00
X	0	1.00
Y	1	0.04
Y	0	1.00
total	169	0.00
total	168	0.00
total	167	0.00
total	166	0.00
total	165	0.00
total	164	0.00
total	163	0.00
total	162	0.00
total	161	0.00
total	160	0.00
total	159	0.00
total	158	0.00
total	157	0.00
total	156	0.00
total	155	0.00
total	154	0.00
total	153	0.00
total	152	0.00
total	151	0.00
total	150	0.00
total	149	0.00
total	148	0.00
total	147	0.00
total	146	0.00
total	145	0.00
total	144	0.00
total	143	0.00
total	142	0.00
total	141	0.00
total	140	0.00
total	139	0.00
total	138	0.00
total	137	0.00
total	136	0.00
total	135	0.00
total	134	0.00
total	133	0.00
total	132	0.00
total	131	0.00
total	130	0.00
total	129	0.00
total	128	0.00
total	127	0.00
total	126	0.00
total	125	0.00
total	124	0.00
total	123	0.00
total	122	0.00
total	121	0.00
total	120	0.00
total	119	0.00
total	118	0.00
total	117	0.00
total	116	0.00
total	115	0.00
total	114	0.00
total	113	0.00
total	112	0.00
total	111	0.00
total	110	0.00
total	109	0.00
total	108	0.00
total	107	0.01
total	106	0.01
total	105	0.01
total	104	0.01
total	103	0.01
total	102	0.01
total	101	0.01
total	100	0.01
total	99	0.01
total	98	0.02
total	97	0.02
total	96	0.02
total	95	0.02
total	94	0.03
total	93	0.03
total	92	0.03
total	91	0.04
total	90	0.04
total	89	0.04
total	88	0.05
total	87	0.05
total	86	0.06
total	85	0.06
total	84	0.07
total	83	0.08
total	82	0.09
total	81	0.10
total	80	0.11
total	79	0.12
total	78	0.13
total	77	0.15
total	76	0.16
total	75	0.18
total	74	0.20
total	73	0.22
total	72	0.24
total	71	0.26
total	70	0.29
total	69	0.31
total	68	0.34
total	67	0.37
total	66	0.40
total	65	0.44
total	64	0.47
total	63	0.50
total	62	0.53
total	61	0.57
total	60	0.60
total	59	0.63
total	58	0.66
total	57	0.69
total	56	0.72
total	55	0.75
total	54	0.77
total	53	0.79
total	52	0.82
total	51	0.84
total	50	0.85
total	49	0.87
total	48	0.88
total	47	0.90
total	46	0.91
total	45	0.92
total	44	0.93
total	43	0.93
total	42	0.94
total	41	0.95
total	40	0.95
total	39	0.96
total	38	0.96
total	37	0.97
total	36	0.97
total	35	0.97
total	34	0.98
total	33	0.98
total	32	0.98
total	31	0.98
total	30	0.99
total	29	0.99
total	28	0.99
total	27	0.99
total	26	0.99
total	25	0.99
total	24	0.99
total	23	0.99
total	22	0.99
total	21	0.99
total	20	0.99
total	19	0.99
total	18	0.99
total	17	0.99
total	16	0.99
total	15	0.99
total	14	0.99
total	13	1.00
total	12	1.00
total	11	1.00
total	10	1.00
total	9	1.00
total	8	1.00
total	7	1.00
total	6	1.00
total	5	1.00
total	4	1.00
total	3	1.00
total	2	1.00
total	1	1.00
total	0	1.00
