1	137	0.00
1	136	0.00
1	135	0.00
1	134	0.00
1	133	0.00
1	132	0.00
1	131	0.00
1	130	0.00
1	129	0.00
1	128	0.00
1	127	0.00
1	126	0.00
1	125	0.00
1	124	0.00
1	123	0.00
1	122	0.00
1	121	0.00
1	120	0.00
1	119	0.00
1	118	0.01
1	117	0.01
1	116	0.01
1	115	0.01
1	114	0.01
1	113	0.01
1	112	0.01
1	111	0.01
1	110	0.02
1	109	0.02
1	108	0.02
1	107	0.02
1	106	0.02
1	105	0.03
1	104	0.03
1	103	0.04
1	102	0.04
1	101	0.05
1	100	0.06
1	99	0.06
1	98	0.07
1	97	0.08
1	96	0.09
1	95	0.10
1	94	0.11
1	93	0.13
1	92	0.14
1	91	0.16
1	90	0.17
1	89	0.19
1	88	0.21
1	87	0.23
1	86	0.25
1	85	0.27
1	84	0.29
1	83	0.31
1	82	0.33
1	81	0.36
1	80	0.38
1	79	0.40
1	78	0.43
1	77	0.45
1	76	0.48
1	75	0.50
1	74	0.53
1	73	0.55
1	72	0.58
1	71	0.61
1	70	0.64
1	69	0.66
1	68	0.69
1	67	0.72
1	66	0.74
1	65	0.77
1	64	0.79
1	63	0.81
1	62	0.84
1	61	0.86
1	60	0.88
1	59	0.89
1	58	0.91
1	57	0.92
1	56	0.93
1	55	0.94
1	54	0.95
1	53	0.96
1	52	0.97
1	51	0.97
1	50	0.98
1	49	0.98
1	48	0.98
1	47	0.99
1	46	0.99
1	45	0.99
1	44	0.99
1	43	0.99
1	42	0.99
1	41	0.99
1	40	0.99
1	39	0.99
1	38	0.99
1	37	0.99
1	36	0.99
1	35	0.99
1	34	1.00
1	33	1.00
1	32	1.00
1	31	1.00
1	30	1.00
1	29	1.00
1	28	1.00
1	27	1.00
1	26	1.00
1	25	1.00
1	24	1.00
1	23	1.00
1	22	1.00
1	21	1.00
1	20	1.00
1	19	1.00
1	18	1.00
1	17	1.00
1	16	1.00
1	15	1.00
1	14	1.00
1	13	1.00
1	12	1.00
1	11	1.00
1	10	1.00
1	9	1.00
1	8	1.00
1	7	1.00
1	6	1.00
1	5	1.00
1	4	1.00
1	3	1.00
1	2	1.00
1	1	1.00
1	0	1.00
2	124	0.00
2	123	0.00
2	122	0.00
2	121	0.00
2	120	0.00
2	119	0.00
2	118	0.00
2	117	0.00
2	116	0.00
2	115	0.00
2	114	0.01
2	113	0.01
2	112	0.01
2	111	0.01
2	110	0.02
2	109	0.02
2	108	0.03
2	107	0.03
2	106	0.04
2	105	0.05
2	104	0.06
2	103	0.06
2	102	0.08
2	101	0.09
2	100	0.10
2	99	0.12
2	98	0.14
2	97	0.16
2	96	0.18
2	95	0.20
2	94	0.22
2	93	0.25
2	92	0.28
2	91	0.32
2	90	0.35
2	89	0.38
2	88	0.41
2	87	0.45
2	86	0.48
2	85	0.52
2	84	0.55
2	83	0.59
2	82	0.62
2	81	0.65
2	80	0.69
2	79	0.72
2	78	0.75
2	77	0.78
2	76	0.80
2	75	0.83
2	74	0.85
2	73	0.87
2	72	0.89
2	71	0.90
2	70	0.91
2	69	0.93
2	68	0.94
2	67	0.95
2	66	0.95
2	65	0.96
2	64	0.97
2	63	0.97
2	62	0.97
2	61	0.98
2	60	0.98
2	59	0.98
2	58	0.98
2	57	0.98
2	56	0.98
2	55	0.98
2	54	0.99
2	53	0.99
2	52	0.99
2	51	0.99
2	50	0.99
2	49	0.99
2	48	0.99
2	47	0.99
2	46	0.99
2	45	0.99
2	44	0.99
2	43	0.99
2	42	0.99
2	41	0.99
2	40	0.99
2	39	0.99
2	38	0.99
2	37	0.99
2	36	1.00
2	35	1.00
2	34	1.00
2	33	1.00
2	32	1.00
2	31	1.00
2	30	1.00
2	29	1.00
2	28	1.00
2	27	1.00
2	26	1.00
2	25	1.00
2	24	1.00
2	23	1.00
2	22	1.00
2	21	1.00
2	20	1.00
2	19	1.00
2	18	1.00
2	17	1.00
2	16	1.00
2	15	1.00
2	14	1.00
2	13	1.00
2	12	1.00
2	11	1.00
2	10	1.00
2	9	1.00
2	8	1.00
2	7	1.00
2	6	1.00
2	5	1.00
2	4	1.00
2	3	1.00
2	2	1.00
2	1	1.00
2	0	1.00
3	149	0.00
3	148	0.00
3	147	0.00
3	146	0.00
3	145	0.00
3	144	0.00
3	143	0.00
3	142	0.00
3	141	0.00
3	140	0.00
3	139	0.00
3	138	0.00
3	137	0.00
3	136	0.00
3	135	0.00
3	134	0.00
3	133	0.00
3	132	0.00
3	131	0.00
3	130	0.00
3	129	0.00
3	128	0.00
3	127	0.00
3	126	0.00
3	125	0.00
3	124	0.00
3	123	0.00
3	122	0.00
3	121	0.00
3	120	0.00
3	119	0.00
3	118	0.00
3	117	0.00
3	116	0.01
3	115	0.01
3	114	0.01
3	113	0.01
3	112	0.01
3	111	0.01
3	110	0.01
3	109	0.01
3	108	0.01
3	107	0.02
3	106	0.02
3	105	0.02
3	104	0.03
3	103	0.03
3	102	0.04
3	101	0.05
3	100	0.05
3	99	0.06
3	98	0.07
3	97	0.08
3	96	0.09
3	95	0.10
3	94	0.11
3	93	0.13
3	92	0.14
3	91	0.16
3	90	0.18
3	89	0.20
3	88	0.23
3	87	0.25
3	86	0.28
3	85	0.30
3	84	0.33
3	83	0.36
3	82	0.39
3	81	0.41
3	80	0.44
3	79	0.47
3	78	0.50
3	77	0.53
3	76	0.55
3	75	0.58
3	74	0.61
3	73	0.63
3	72	0.66
3	71	0.68
3	70	0.71
3	69	0.73
3	68	0.75
3	67	0.77
3	66	0.79
3	65	0.81
3	64	0.83
3	63	0.85
3	62	0.87
3	61	0.88
3	60	0.89
3	59	0.91
3	58	0.92
3	57	0.93
3	56	0.94
3	55	0.94
3	54	0.95
3	53	0.96
3	52	0.96
3	51	0.97
3	50	0.97
3	49	0.98
3	48	0.98
3	47	0.98
3	46	0.98
3	45	0.99
3	44	0.99
3	43	0.99
3	42	0.99
3	41	0.99
3	40	0.99
3	39	0.99
3	38	0.99
3	37	0.99
3	36	0.99
3	35	0.99
3	34	0.99
3	33	0.99
3	32	0.99
3	31	0.99
3	30	1.00
3	29	1.00
3	28	1.00
3	27	1.00
3	26	1.00
3	25	1.00
3	24	1.00
3	23	1.00
3	22	1.00
3	21	1.00
3	20	1.00
3	19	1.00
3	18	1.00
3	17	1.00
3	16	1.00
3	15	1.00
3	14	1.00
3	13	1.00
3	12	1.00
3	11	1.00
3	10	1.00
3	9	1.00
3	8	1.00
3	7	1.00
3	6	1.00
3	5	1.00
3	4	1.00
3	3	1.00
3	2	1.00
3	1	1.00
3	0	1.00
4	135	0.00
4	134	0.00
4	133	0.00
4	132	0.00
4	131	0.00
4	130	0.00
4	129	0.00
4	128	0.00
4	127	0.00
4	126	0.00
4	125	0.00
4	124	0.00
4	123	0.00
4	122	0.00
4	121	0.00
4	120	0.00
4	119	0.01
4	118	0.01
4	117	0.01
4	116	0.01
4	115	0.01
4	114	0.01
4	113	0.01
4	112	0.01
4	111	0.01
4	110	0.02
4	109	0.02
4	108	0.02
4	107	0.03
4	106	0.03
4	105	0.04
4	104	0.05
4	103	0.06
4	102	0.07
4	101	0.08
4	100	0.09
4	99	0.11
4	98	0.13
4	97	0.15
4	96	0.17
4	95	0.19
4	94	0.22
4	93	0.25
4	92	0.28
4	91	0.31
4	90	0.34
4	89	0.37
4	88	0.41
4	87	0.44
4	86	0.48
4	85	0.51
4	84	0.54
4	83	0.58
4	82	0.61
4	81	0.64
4	80	0.67
4	79	0.70
4	78	0.73
4	77	0.75
4	76	0.78
4	75	0.80
4	74	0.82
4	73	0.84
4	72	0.86
4	71	0.88
4	70	0.89
4	69	0.90
4	68	0.92
4	67	0.93
4	66	0.93
4	65	0.94
4	64	0.94
4	63	0.95
4	62	0.95
4	61	0.96
4	60	0.96
4	59	0.96
4	58	0.96
4	57	0.97
4	56	0.97
4	55	0.97
4	54	0.97
4	53	0.97
4	52	0.97
4	51	0.97
4	50	0.97
4	49	0.97
4	48	0.97
4	47	0.97
4	46	0.98
4	45	0.98
4	44	0.98
4	43	0.98
4	42	0.98
4	41	0.98
4	40	0.98
4	39	0.98
4	38	0.98
4	37	0.98
4	36	0.98
4	35	0.98
4	34	0.98
4	33	0.99
4	32	0.99
4	31	0.99
4	30	0.99
4	29	0.99
4	28	0.99
4	27	0.99
4	26	0.99
4	25	0.99
4	24	0.99
4	23	0.99
4	22	1.00
4	21	1.00
4	20	1.00
4	19	1.00
4	18	1.00
4	17	1.00
4	16	1.00
4	15	1.00
4	14	1.00
4	13	1.00
4	12	1.00
4	11	1.00
4	10	1.00
4	9	1.00
4	8	1.00
4	7	1.00
4	6	1.00
4	5	1.00
4	4	1.00
4	3	1.00
4	2	1.00
4	1	1.00
4	0	1.00
5	131	0.00
5	130	0.00
5	129	0.00
5	128	0.00
5	127	0.00
5	126	0.00
5	125	0.00
5	124	0.00
5	123	0.00
5	122	0.00
5	121	0.00
5	120	0.00
5	119	0.00
5	118	0.00
5	117	0.00
5	116	0.01
5	115	0.01
5	114	0.01
5	113	0.01
5	112	0.01
5	111	0.01
5	110	0.02
5	109	0.02
5	108	0.02
5	107	0.03
5	106	0.04
5	105	0.04
5	104	0.05
5	103	0.06
5	102	0.07
5	101	0.08
5	100	0.10
5	99	0.11
5	98	0.13
5	97	0.15
5	96	0.18
5	95	0.20
5	94	0.23
5	93	0.26
5	92	0.29
5	91	0.32
5	90	0.35
5	89	0.39
5	88	0.43
5	87	0.46
5	86	0.50
5	85	0.54
5	84	0.57
5	83	0.61
5	82	0.65
5	81	0.68
5	80	0.71
5	79	0.74
5	78	0.77
5	77	0.80
5	76	0.82
5	75	0.85
5	74	0.87
5	73	0.89
5	72	0.90
5	71	0.92
5	70	0.93
5	69	0.94
5	68	0.95
5	67	0.95
5	66	0.96
5	65	0.96
5	64	0.97
5	63	0.97
5	62	0.97
5	61	0.98
5	60	0.98
5	59	0.98
5	58	0.98
5	57	0.98
5	56	0.98
5	55	0.99
5	54	0.99
5	53	0.99
5	52	0.99
5	51	0.99
5	50	0.99
5	49	0.99
5	48	0.99
5	47	0.99
5	46	0.99
5	45	0.99
5	44	0.99
5	43	0.99
5	42	1.00
5	41	1.00
5	40	1.00
5	39	1.00
5	38	1.00
5	37	1.00
5	36	1.00
5	35	1.00
5	34	1.00
5	33	1.00
5	32	1.00
5	31	1.00
5	30	1.00
5	29	1.00
5	28	1.00
5	27	1.00
5	26	1.00
5	25	1.00
5	24	1.00
5	23	1.00
5	22	1.00
5	21	1.00
5	20	1.00
5	19	1.00
5	18	1.00
5	17	1.00
5	16	1.00
5	15	1.00
5	14	1.00
5	13	1.00
5	12	1.00
5	11	1.00
5	10	1.00
5	9	1.00
5	8	1.00
5	7	1.00
5	6	1.00
5	5	1.00
5	4	1.00
5	3	1.00
5	2	1.00
5	1	1.00
5	0	1.00
6	124	0.00
6	123	0.00
6	122	0.00
6	121	0.00
6	120	0.00
6	119	0.00
6	118	0.00
6	117	0.00
6	116	0.00
6	115	0.00
6	114	0.00
6	113	0.01
6	112	0.01
6	111	0.01
6	110	0.01
6	109	0.02
6	108	0.02
6	107	0.03
6	106	0.03
6	105	0.04
6	104	0.05
6	103	0.06
6	102	0.07
6	101	0.08
6	100	0.09
6	99	0.11
6	98	0.13
6	97	0.15
6	96	0.17
6	95	0.19
6	94	0.22
6	93	0.24
6	92	0.27
6	91	0.30
6	90	0.33
6	89	0.37
6	88	0.40
6	87	0.44
6	86	0.47
6	85	0.51
6	84	0.54
6	83	0.58
6	82	0.62
6	81	0.65
6	80	0.68
6	79	0.72
6	78	0.74
6	77	0.77
6	76	0.79
6	75	0.82
6	74	0.84
6	73	0.86
6	72	0.88
6	71	0.89
6	70	0.90
6	69	0.91
6	68	0.92
6	67	0.93
6	66	0.94
6	65	0.94
6	64	0.95
6	63	0.95
6	62	0.96
6	61	0.96
6	60	0.96
6	59	0.96
6	58	0.97
6	57	0.97
6	56	0.97
6	55	0.97
6	54	0.97
6	53	0.97
6	52	0.97
6	51	0.97
6	50	0.97
6	49	0.97
6	48	0.97
6	47	0.97
6	46	0.97
6	45	0.97
6	44	0.97
6	43	0.97
6	42	0.97
6	41	0.98
6	40	0.98
6	39	0.98
6	38	0.98
6	37	0.98
6	36	0.98
6	35	0.98
6	34	0.98
6	33	0.98
6	32	0.98
6	31	0.98
6	30	0.98
6	29	0.98
6	28	0.98
6	27	0.98
6	26	0.98
6	25	0.99
6	24	0.99
6	23	0.99
6	22	0.99
6	21	0.99
6	20	0.99
6	19	0.99
6	18	0.99
6	17	0.99
6	16	0.99
6	15	0.99
6	14	0.99
6	13	1.00
6	12	1.00
6	11	1.00
6	10	1.00
6	9	1.00
6	8	1.00
6	7	1.00
6	6	1.00
6	5	1.00
6	4	1.00
6	3	1.00
6	2	1.00
6	1	1.00
6	0	1.00
7	311	0.00
7	310	0.00
7	309	0.00
7	308	0.00
7	307	0.00
7	306	0.00
7	305	0.00
7	304	0.00
7	303	0.00
7	302	0.00
7	301	0.00
7	300	0.00
7	299	0.00
7	298	0.00
7	297	0.00
7	296	0.00
7	295	0.00
7	294	0.00
7	293	0.00
7	292	0.00
7	291	0.00
7	290	0.00
7	289	0.00
7	288	0.00
7	287	0.00
7	286	0.00
7	285	0.00
7	284	0.00
7	283	0.00
7	282	0.00
7	281	0.00
7	280	0.00
7	279	0.00
7	278	0.00
7	277	0.00
7	276	0.00
7	275	0.00
7	274	0.00
7	273	0.00
7	272	0.00
7	271	0.00
7	270	0.00
7	269	0.00
7	268	0.00
7	267	0.00
7	266	0.00
7	265	0.00
7	264	0.00
7	263	0.00
7	262	0.00
7	261	0.00
7	260	0.00
7	259	0.00
7	258	0.00
7	257	0.00
7	256	0.00
7	255	0.00
7	254	0.00
7	253	0.00
7	252	0.00
7	251	0.00
7	250	0.00
7	249	0.00
7	248	0.00
7	247	0.00
7	246	0.00
7	245	0.00
7	244	0.00
7	243	0.00
7	242	0.00
7	241	0.00
7	240	0.00
7	239	0.00
7	238	0.00
7	237	0.00
7	236	0.00
7	235	0.00
7	234	0.00
7	233	0.00
7	232	0.00
7	231	0.00
7	230	0.00
7	229	0.00
7	228	0.00
7	227	0.00
7	226	0.00
7	225	0.00
7	224	0.00
7	223	0.00
7	222	0.00
7	221	0.00
7	220	0.00
7	219	0.00
7	218	0.00
7	217	0.00
7	216	0.00
7	215	0.00
7	214	0.00
7	213	0.00
7	212	0.00
7	211	0.00
7	210	0.00
7	209	0.00
7	208	0.00
7	207	0.00
7	206	0.00
7	205	0.00
7	204	0.00
7	203	0.00
7	202	0.00
7	201	0.00
7	200	0.00
7	199	0.00
7	198	0.00
7	197	0.00
7	196	0.00
7	195	0.00
7	194	0.00
7	193	0.00
7	192	0.00
7	191	0.00
7	190	0.00
7	189	0.00
7	188	0.01
7	187	0.01
7	186	0.01
7	185	0.01
7	184	0.01
7	183	0.01
7	182	0.01
7	181	0.01
7	180	0.01
7	179	0.01
7	178	0.01
7	177	0.01
7	176	0.01
7	175	0.01
7	174	0.01
7	173	0.01
7	172	0.01
7	171	0.01
7	170	0.01
7	169	0.01
7	168	0.01
7	167	0.01
7	166	0.01
7	165	0.01
7	164	0.01
7	163	0.01
7	162	0.01
7	161	0.01
7	160	0.01
7	159	0.01
7	158	0.01
7	157	0.01
7	156	0.01
7	155	0.01
7	154	0.01
7	153	0.01
7	152	0.01
7	151	0.01
7	150	0.01
7	149	0.01
7	148	0.01
7	147	0.01
7	146	0.01
7	145	0.01
7	144	0.01
7	143	0.01
7	142	0.01
7	141	0.01
7	140	0.01
7	139	0.01
7	138	0.01
7	137	0.01
7	136	0.01
7	135	0.01
7	134	0.01
7	133	0.01
7	132	0.01
7	131	0.01
7	130	0.01
7	129	0.01
7	128	0.01
7	127	0.01
7	126	0.01
7	125	0.01
7	124	0.01
7	123	0.01
7	122	0.01
7	121	0.01
7	120	0.01
7	119	0.01
7	118	0.01
7	117	0.02
7	116	0.02
7	115	0.02
7	114	0.02
7	113	0.02
7	112	0.02
7	111	0.03
7	110	0.03
7	109	0.04
7	108	0.04
7	107	0.05
7	106	0.05
7	105	0.06
7	104	0.07
7	103	0.08
7	102	0.09
7	101	0.11
7	100	0.12
7	99	0.14
7	98	0.16
7	97	0.18
7	96	0.20
7	95	0.22
7	94	0.25
7	93	0.28
7	92	0.31
7	91	0.34
7	90	0.37
7	89	0.41
7	88	0.44
7	87	0.48
7	86	0.51
7	85	0.55
7	84	0.58
7	83	0.62
7	82	0.65
7	81	0.68
7	80	0.71
7	79	0.74
7	78	0.77
7	77	0.80
7	76	0.82
7	75	0.84
7	74	0.86
7	73	0.88
7	72	0.89
7	71	0.91
7	70	0.92
7	69	0.93
7	68	0.94
7	67	0.95
7	66	0.95
7	65	0.96
7	64	0.96
7	63	0.97
7	62	0.97
7	61	0.97
7	60	0.97
7	59	0.97
7	58	0.98
7	57	0.98
7	56	0.98
7	55	0.98
7	54	0.98
7	53	0.98
7	52	0.98
7	51	0.98
7	50	0.98
7	49	0.98
7	48	0.98
7	47	0.99
7	46	0.99
7	45	0.99
7	44	0.99
7	43	0.99
7	42	0.99
7	41	0.99
7	40	0.99
7	39	0.99
7	38	0.99
7	37	0.99
7	36	0.99
7	35	0.99
7	34	0.99
7	33	0.99
7	32	0.99
7	31	0.99
7	30	0.99
7	29	0.99
7	28	0.99
7	27	0.99
7	26	0.99
7	25	0.99
7	24	0.99
7	23	0.99
7	22	0.99
7	21	0.99
7	20	0.99
7	19	0.99
7	18	0.99
7	17	0.99
7	16	0.99
7	15	0.99
7	14	0.99
7	13	0.99
7	12	1.00
7	11	1.00
7	10	1.00
7	9	1.00
7	8	1.00
7	7	1.00
7	6	1.00
7	5	1.00
7	4	1.00
7	3	1.00
7	2	1.00
7	1	1.00
7	0	1.00
8	123	0.00
8	122	0.00
8	121	0.00
8	120	0.00
8	119	0.00
8	118	0.00
8	117	0.00
8	116	0.00
8	115	0.00
8	114	0.01
8	113	0.01
8	112	0.01
8	111	0.01
8	110	0.01
8	109	0.02
8	108	0.02
8	107	0.02
8	106	0.03
8	105	0.04
8	104	0.04
8	103	0.05
8	102	0.06
8	101	0.07
8	100	0.09
8	99	0.10
8	98	0.12
8	97	0.14
8	96	0.16
8	95	0.18
8	94	0.21
8	93	0.24
8	92	0.26
8	91	0.30
8	90	0.33
8	89	0.36
8	88	0.40
8	87	0.43
8	86	0.47
8	85	0.51
8	84	0.54
8	83	0.58
8	82	0.61
8	81	0.65
8	80	0.68
8	79	0.71
8	78	0.74
8	77	0.77
8	76	0.79
8	75	0.82
8	74	0.84
8	73	0.85
8	72	0.87
8	71	0.89
8	70	0.90
8	69	0.91
8	68	0.92
8	67	0.93
8	66	0.94
8	65	0.95
8	64	0.95
8	63	0.96
8	62	0.96
8	61	0.97
8	60	0.97
8	59	0.98
8	58	0.98
8	57	0.98
8	56	0.99
8	55	0.99
8	54	0.99
8	53	0.99
8	52	0.99
8	51	0.99
8	50	0.99
8	49	0.99
8	48	0.99
8	47	0.99
8	46	0.99
8	45	1.00
8	44	1.00
8	43	1.00
8	42	1.00
8	41	1.00
8	40	1.00
8	39	1.00
8	38	1.00
8	37	1.00
8	36	1.00
8	35	1.00
8	34	1.00
8	33	1.00
8	32	1.00
8	31	1.00
8	30	1.00
8	29	1.00
8	28	1.00
8	27	1.00
8	26	1.00
8	25	1.00
8	24	1.00
8	23	1.00
8	22	1.00
8	21	1.00
8	20	1.00
8	19	1.00
8	18	1.00
8	17	1.00
8	16	1.00
8	15	1.00
8	14	1.00
8	13	1.00
8	12	1.00
8	11	1.00
8	10	1.00
8	9	1.00
8	8	1.00
8	7	1.00
8	6	1.00
8	5	1.00
8	4	1.00
8	3	1.00
8	2	1.00
8	1	1.00
8	0	1.00
9	124	0.00
9	123	0.00
9	122	0.00
9	121	0.00
9	120	0.00
9	119	0.00
9	118	0.01
9	117	0.01
9	116	0.01
9	115	0.01
9	114	0.01
9	113	0.02
9	112	0.02
9	111	0.03
9	110	0.03
9	109	0.04
9	108	0.05
9	107	0.05
9	106	0.06
9	105	0.07
9	104	0.08
9	103	0.09
9	102	0.10
9	101	0.11
9	100	0.13
9	99	0.14
9	98	0.16
9	97	0.18
9	96	0.20
9	95	0.22
9	94	0.25
9	93	0.27
9	92	0.30
9	91	0.33
9	90	0.36
9	89	0.39
9	88	0.42
9	87	0.45
9	86	0.49
9	85	0.52
9	84	0.55
9	83	0.58
9	82	0.61
9	81	0.64
9	80	0.67
9	79	0.70
9	78	0.73
9	77	0.76
9	76	0.79
9	75	0.81
9	74	0.84
9	73	0.86
9	72	0.88
9	71	0.89
9	70	0.90
9	69	0.91
9	68	0.92
9	67	0.93
9	66	0.94
9	65	0.94
9	64	0.95
9	63	0.95
9	62	0.96
9	61	0.96
9	60	0.96
9	59	0.96
9	58	0.97
9	57	0.97
9	56	0.97
9	55	0.97
9	54	0.97
9	53	0.98
9	52	0.98
9	51	0.98
9	50	0.98
9	49	0.98
9	48	0.98
9	47	0.98
9	46	0.98
9	45	0.98
9	44	0.99
9	43	0.99
9	42	0.99
9	41	0.99
9	40	0.99
9	39	0.99
9	38	0.99
9	37	0.99
9	36	0.99
9	35	0.99
9	34	0.99
9	33	0.99
9	32	0.99
9	31	0.99
9	30	0.99
9	29	0.99
9	28	1.00
9	27	1.00
9	26	1.00
9	25	1.00
9	24	1.00
9	23	1.00
9	22	1.00
9	21	1.00
9	20	1.00
9	19	1.00
9	18	1.00
9	17	1.00
9	16	1.00
9	15	1.00
9	14	1.00
9	13	1.00
9	12	1.00
9	11	1.00
9	10	1.00
9	9	1.00
9	8	1.00
9	7	1.00
9	6	1.00
9	5	1.00
9	4	1.00
9	3	1.00
9	2	1.00
9	1	1.00
9	0	1.00
10	134	0.00
10	133	0.00
10	132	0.00
10	131	0.00
10	130	0.00
10	129	0.00
10	128	0.00
10	127	0.00
10	126	0.00
10	125	0.01
10	124	0.01
10	123	0.01
10	122	0.01
10	121	0.01
10	120	0.01
10	119	0.01
10	118	0.01
10	117	0.02
10	116	0.02
10	115	0.02
10	114	0.02
10	113	0.02
10	112	0.03
10	111	0.03
10	110	0.04
10	109	0.04
10	108	0.05
10	107	0.06
10	106	0.07
10	105	0.08
10	104	0.09
10	103	0.10
10	102	0.12
10	101	0.14
10	100	0.15
10	99	0.17
10	98	0.19
10	97	0.22
10	96	0.24
10	95	0.27
10	94	0.29
10	93	0.32
10	92	0.35
10	91	0.39
10	90	0.42
10	89	0.45
10	88	0.48
10	87	0.52
10	86	0.55
10	85	0.58
10	84	0.62
10	83	0.65
10	82	0.68
10	81	0.71
10	80	0.74
10	79	0.77
10	78	0.79
10	77	0.81
10	76	0.83
10	75	0.85
10	74	0.87
10	73	0.88
10	72	0.89
10	71	0.90
10	70	0.91
10	69	0.92
10	68	0.93
10	67	0.94
10	66	0.94
10	65	0.95
10	64	0.95
10	63	0.96
10	62	0.96
10	61	0.97
10	60	0.97
10	59	0.98
10	58	0.98
10	57	0.99
10	56	0.99
10	55	0.99
10	54	0.99
10	53	0.99
10	52	0.99
10	51	1.00
10	50	1.00
10	49	1.00
10	48	1.00
10	47	1.00
10	46	1.00
10	45	1.00
10	44	1.00
10	43	1.00
10	42	1.00
10	41	1.00
10	40	1.00
10	39	1.00
10	38	1.00
10	37	1.00
10	36	1.00
10	35	1.00
10	34	1.00
10	33	1.00
10	32	1.00
10	31	1.00
10	30	1.00
10	29	1.00
10	28	1.00
10	27	1.00
10	26	1.00
10	25	1.00
10	24	1.00
10	23	1.00
10	22	1.00
10	21	1.00
10	20	1.00
10	19	1.00
10	18	1.00
10	17	1.00
10	16	1.00
10	15	1.00
10	14	1.00
10	13	1.00
10	12	1.00
10	11	1.00
10	10	1.00
10	9	1.00
10	8	1.00
10	7	1.00
10	6	1.00
10	5	1.00
10	4	1.00
10	3	1.00
10	2	1.00
10	1	1.00
10	0	1.00
11	125	0.00
11	124	0.00
11	123	0.00
11	122	0.00
11	121	0.00
11	120	0.00
11	119	0.00
11	118	0.00
11	117	0.00
11	116	0.00
11	115	0.00
11	114	0.01
11	113	0.01
11	112	0.01
11	111	0.01
11	110	0.01
11	109	0.02
11	108	0.02
11	107	0.02
11	106	0.03
11	105	0.04
11	104	0.04
11	103	0.05
11	102	0.06
11	101	0.07
11	100	0.09
11	99	0.10
11	98	0.12
11	97	0.13
11	96	0.15
11	95	0.17
11	94	0.20
11	93	0.22
11	92	0.24
11	91	0.27
11	90	0.30
11	89	0.34
11	88	0.37
11	87	0.41
11	86	0.44
11	85	0.48
11	84	0.52
11	83	0.56
11	82	0.59
11	81	0.63
11	80	0.66
11	79	0.69
11	78	0.72
11	77	0.75
11	76	0.78
11	75	0.80
11	74	0.83
11	73	0.84
11	72	0.86
11	71	0.88
11	70	0.90
11	69	0.91
11	68	0.92
11	67	0.93
11	66	0.94
11	65	0.94
11	64	0.95
11	63	0.95
11	62	0.96
11	61	0.96
11	60	0.96
11	59	0.97
11	58	0.97
11	57	0.97
11	56	0.97
11	55	0.97
11	54	0.98
11	53	0.98
11	52	0.98
11	51	0.98
11	50	0.98
11	49	0.98
11	48	0.98
11	47	0.98
11	46	0.98
11	45	0.99
11	44	0.99
11	43	0.99
11	42	0.99
11	41	0.99
11	40	0.99
11	39	0.99
11	38	0.99
11	37	0.99
11	36	0.99
11	35	0.99
11	34	0.99
11	33	0.99
11	32	0.99
11	31	1.00
11	30	1.00
11	29	1.00
11	28	1.00
11	27	1.00
11	26	1.00
11	25	1.00
11	24	1.00
11	23	1.00
11	22	1.00
11	21	1.00
11	20	1.00
11	19	1.00
11	18	1.00
11	17	1.00
11	16	1.00
11	15	1.00
11	14	1.00
11	13	1.00
11	12	1.00
11	11	1.00
11	10	1.00
11	9	1.00
11	8	1.00
11	7	1.00
11	6	1.00
11	5	1.00
11	4	1.00
11	3	1.00
11	2	1.00
11	1	1.00
11	0	1.00
12	125	0.00
12	124	0.00
12	123	0.00
12	122	0.00
12	121	0.00
12	120	0.00
12	119	0.00
12	118	0.00
12	117	0.00
12	116	0.00
12	115	0.00
12	114	0.01
12	113	0.01
12	112	0.01
12	111	0.01
12	110	0.02
12	109	0.02
12	108	0.02
12	107	0.03
12	106	0.04
12	105	0.04
12	104	0.05
12	103	0.06
12	102	0.07
12	101	0.08
12	100	0.10
12	99	0.11
12	98	0.13
12	97	0.15
12	96	0.17
12	95	0.19
12	94	0.21
12	93	0.24
12	92	0.27
12	91	0.30
12	90	0.33
12	89	0.36
12	88	0.40
12	87	0.43
12	86	0.47
12	85	0.50
12	84	0.54
12	83	0.57
12	82	0.60
12	81	0.63
12	80	0.67
12	79	0.70
12	78	0.73
12	77	0.75
12	76	0.78
12	75	0.80
12	74	0.83
12	73	0.85
12	72	0.86
12	71	0.88
12	70	0.90
12	69	0.91
12	68	0.92
12	67	0.93
12	66	0.94
12	65	0.95
12	64	0.95
12	63	0.96
12	62	0.96
12	61	0.97
12	60	0.97
12	59	0.97
12	58	0.97
12	57	0.98
12	56	0.98
12	55	0.98
12	54	0.98
12	53	0.98
12	52	0.99
12	51	0.99
12	50	0.99
12	49	0.99
12	48	0.99
12	47	0.99
12	46	0.99
12	45	0.99
12	44	0.99
12	43	1.00
12	42	1.00
12	41	1.00
12	40	1.00
12	39	1.00
12	38	1.00
12	37	1.00
12	36	1.00
12	35	1.00
12	34	1.00
12	33	1.00
12	32	1.00
12	31	1.00
12	30	1.00
12	29	1.00
12	28	1.00
12	27	1.00
12	26	1.00
12	25	1.00
12	24	1.00
12	23	1.00
12	22	1.00
12	21	1.00
12	20	1.00
12	19	1.00
12	18	1.00
12	17	1.00
12	16	1.00
12	15	1.00
12	14	1.00
12	13	1.00
12	12	1.00
12	11	1.00
12	10	1.00
12	9	1.00
12	8	1.00
12	7	1.00
12	6	1.00
12	5	1.00
12	4	1.00
12	3	1.00
12	2	1.00
12	1	1.00
12	0	1.00
13	123	0.00
13	122	0.00
13	121	0.00
13	120	0.00
13	119	0.00
13	118	0.00
13	117	0.01
13	116	0.01
13	115	0.01
13	114	0.01
13	113	0.01
13	112	0.01
13	111	0.02
13	110	0.02
13	109	0.02
13	108	0.02
13	107	0.03
13	106	0.04
13	105	0.04
13	104	0.05
13	103	0.06
13	102	0.07
13	101	0.09
13	100	0.10
13	99	0.12
13	98	0.14
13	97	0.16
13	96	0.18
13	95	0.21
13	94	0.23
13	93	0.26
13	92	0.30
13	91	0.33
13	90	0.36
13	89	0.40
13	88	0.43
13	87	0.47
13	86	0.51
13	85	0.54
13	84	0.58
13	83	0.61
13	82	0.64
13	81	0.68
13	80	0.71
13	79	0.74
13	78	0.76
13	77	0.79
13	76	0.81
13	75	0.83
13	74	0.84
13	73	0.85
13	72	0.86
13	71	0.87
13	70	0.88
13	69	0.89
13	68	0.89
13	67	0.90
13	66	0.91
13	65	0.91
13	64	0.92
13	63	0.92
13	62	0.92
13	61	0.93
13	60	0.93
13	59	0.93
13	58	0.93
13	57	0.93
13	56	0.93
13	55	0.93
13	54	0.93
13	53	0.94
13	52	0.94
13	51	0.94
13	50	0.94
13	49	0.94
13	48	0.94
13	47	0.94
13	46	0.94
13	45	0.94
13	44	0.95
13	43	0.95
13	42	0.95
13	41	0.95
13	40	0.96
13	39	0.96
13	38	0.96
13	37	0.96
13	36	0.96
13	35	0.96
13	34	0.96
13	33	0.96
13	32	0.96
13	31	0.97
13	30	0.97
13	29	0.97
13	28	0.97
13	27	0.97
13	26	0.97
13	25	0.97
13	24	0.97
13	23	0.97
13	22	0.97
13	21	0.97
13	20	0.97
13	19	0.97
13	18	0.97
13	17	0.97
13	16	0.97
13	15	0.98
13	14	0.98
13	13	0.98
13	12	0.98
13	11	0.98
13	10	0.99
13	9	0.99
13	8	0.99
13	7	1.00
13	6	1.00
13	5	1.00
13	4	1.00
13	3	1.00
13	2	1.00
13	1	1.00
13	0	1.00
14	136	0.00
14	135	0.00
14	134	0.00
14	133	0.00
14	132	0.00
14	131	0.00
14	130	0.00
14	129	0.00
14	128	0.00
14	127	0.00
14	126	0.00
14	125	0.01
14	124	0.01
14	123	0.01
14	122	0.01
14	121	0.01
14	120	0.01
14	119	0.01
14	118	0.01
14	117	0.01
14	116	0.01
14	115	0.01
14	114	0.02
14	113	0.02
14	112	0.02
14	111	0.02
14	110	0.03
14	109	0.03
14	108	0.04
14	107	0.04
14	106	0.05
14	105	0.05
14	104	0.06
14	103	0.07
14	102	0.08
14	101	0.10
14	100	0.11
14	99	0.13
14	98	0.15
14	97	0.17
14	96	0.19
14	95	0.22
14	94	0.24
14	93	0.27
14	92	0.30
14	91	0.33
14	90	0.36
14	89	0.39
14	88	0.42
14	87	0.45
14	86	0.49
14	85	0.52
14	84	0.56
14	83	0.59
14	82	0.63
14	81	0.66
14	80	0.69
14	79	0.72
14	78	0.75
14	77	0.78
14	76	0.80
14	75	0.83
14	74	0.85
14	73	0.87
14	72	0.89
14	71	0.90
14	70	0.92
14	69	0.93
14	68	0.94
14	67	0.95
14	66	0.96
14	65	0.97
14	64	0.97
14	63	0.98
14	62	0.98
14	61	0.99
14	60	0.99
14	59	0.99
14	58	0.99
14	57	0.99
14	56	1.00
14	55	1.00
14	54	1.00
14	53	1.00
14	52	1.00
14	51	1.00
14	50	1.00
14	49	1.00
14	48	1.00
14	47	1.00
14	46	1.00
14	45	1.00
14	44	1.00
14	43	1.00
14	42	1.00
14	41	1.00
14	40	1.00
14	39	1.00
14	38	1.00
14	37	1.00
14	36	1.00
14	35	1.00
14	34	1.00
14	33	1.00
14	32	1.00
14	31	1.00
14	30	1.00
14	29	1.00
14	28	1.00
14	27	1.00
14	26	1.00
14	25	1.00
14	24	1.00
14	23	1.00
14	22	1.00
14	21	1.00
14	20	1.00
14	19	1.00
14	18	1.00
14	17	1.00
14	16	1.00
14	15	1.00
14	14	1.00
14	13	1.00
14	12	1.00
14	11	1.00
14	10	1.00
14	9	1.00
14	8	1.00
14	7	1.00
14	6	1.00
14	5	1.00
14	4	1.00
14	3	1.00
14	2	1.00
14	1	1.00
14	0	1.00
15	126	0.00
15	125	0.00
15	124	0.00
15	123	0.00
15	122	0.00
15	121	0.00
15	120	0.00
15	119	0.00
15	118	0.00
15	117	0.00
15	116	0.00
15	115	0.01
15	114	0.01
15	113	0.01
15	112	0.01
15	111	0.01
15	110	0.02
15	109	0.02
15	108	0.03
15	107	0.03
15	106	0.04
15	105	0.04
15	104	0.05
15	103	0.06
15	102	0.07
15	101	0.08
15	100	0.09
15	99	0.10
15	98	0.12
15	97	0.13
15	96	0.15
15	95	0.17
15	94	0.20
15	93	0.22
15	92	0.25
15	91	0.28
15	90	0.31
15	89	0.34
15	88	0.38
15	87	0.41
15	86	0.45
15	85	0.48
15	84	0.52
15	83	0.56
15	82	0.59
15	81	0.63
15	80	0.66
15	79	0.69
15	78	0.73
15	77	0.76
15	76	0.78
15	75	0.81
15	74	0.83
15	73	0.85
15	72	0.87
15	71	0.89
15	70	0.90
15	69	0.92
15	68	0.93
15	67	0.94
15	66	0.95
15	65	0.95
15	64	0.96
15	63	0.97
15	62	0.97
15	61	0.98
15	60	0.98
15	59	0.98
15	58	0.99
15	57	0.99
15	56	0.99
15	55	0.99
15	54	0.99
15	53	0.99
15	52	0.99
15	51	0.99
15	50	0.99
15	49	0.99
15	48	0.99
15	47	1.00
15	46	1.00
15	45	1.00
15	44	1.00
15	43	1.00
15	42	1.00
15	41	1.00
15	40	1.00
15	39	1.00
15	38	1.00
15	37	1.00
15	36	1.00
15	35	1.00
15	34	1.00
15	33	1.00
15	32	1.00
15	31	1.00
15	30	1.00
15	29	1.00
15	28	1.00
15	27	1.00
15	26	1.00
15	25	1.00
15	24	1.00
15	23	1.00
15	22	1.00
15	21	1.00
15	20	1.00
15	19	1.00
15	18	1.00
15	17	1.00
15	16	1.00
15	15	1.00
15	14	1.00
15	13	1.00
15	12	1.00
15	11	1.00
15	10	1.00
15	9	1.00
15	8	1.00
15	7	1.00
15	6	1.00
15	5	1.00
15	4	1.00
15	3	1.00
15	2	1.00
15	1	1.00
15	0	1.00
16	127	0.00
16	126	0.00
16	125	0.00
16	124	0.00
16	123	0.00
16	122	0.00
16	121	0.00
16	120	0.00
16	119	0.00
16	118	0.00
16	117	0.01
16	116	0.01
16	115	0.01
16	114	0.01
16	113	0.02
16	112	0.02
16	111	0.03
16	110	0.03
16	109	0.04
16	108	0.04
16	107	0.05
16	106	0.06
16	105	0.06
16	104	0.07
16	103	0.08
16	102	0.10
16	101	0.11
16	100	0.13
16	99	0.14
16	98	0.16
16	97	0.18
16	96	0.20
16	95	0.22
16	94	0.25
16	93	0.27
16	92	0.30
16	91	0.32
16	90	0.35
16	89	0.38
16	88	0.41
16	87	0.44
16	86	0.47
16	85	0.51
16	84	0.54
16	83	0.57
16	82	0.60
16	81	0.63
16	80	0.66
16	79	0.69
16	78	0.72
16	77	0.74
16	76	0.77
16	75	0.80
16	74	0.82
16	73	0.84
16	72	0.86
16	71	0.88
16	70	0.89
16	69	0.91
16	68	0.92
16	67	0.93
16	66	0.94
16	65	0.95
16	64	0.95
16	63	0.96
16	62	0.96
16	61	0.97
16	60	0.97
16	59	0.97
16	58	0.98
16	57	0.98
16	56	0.98
16	55	0.98
16	54	0.98
16	53	0.98
16	52	0.99
16	51	0.99
16	50	0.99
16	49	0.99
16	48	0.99
16	47	0.99
16	46	0.99
16	45	0.99
16	44	0.99
16	43	0.99
16	42	0.99
16	41	0.99
16	40	1.00
16	39	1.00
16	38	1.00
16	37	1.00
16	36	1.00
16	35	1.00
16	34	1.00
16	33	1.00
16	32	1.00
16	31	1.00
16	30	1.00
16	29	1.00
16	28	1.00
16	27	1.00
16	26	1.00
16	25	1.00
16	24	1.00
16	23	1.00
16	22	1.00
16	21	1.00
16	20	1.00
16	19	1.00
16	18	1.00
16	17	1.00
16	16	1.00
16	15	1.00
16	14	1.00
16	13	1.00
16	12	1.00
16	11	1.00
16	10	1.00
16	9	1.00
16	8	1.00
16	7	1.00
16	6	1.00
16	5	1.00
16	4	1.00
16	3	1.00
16	2	1.00
16	1	1.00
16	0	1.00
17	143	0.00
17	142	0.00
17	141	0.00
17	140	0.00
17	139	0.00
17	138	0.00
17	137	0.00
17	136	0.00
17	135	0.00
17	134	0.00
17	133	0.00
17	132	0.00
17	131	0.00
17	130	0.00
17	129	0.00
17	128	0.00
17	127	0.00
17	126	0.00
17	125	0.00
17	124	0.00
17	123	0.00
17	122	0.00
17	121	0.00
17	120	0.00
17	119	0.00
17	118	0.00
17	117	0.01
17	116	0.01
17	115	0.01
17	114	0.01
17	113	0.01
17	112	0.01
17	111	0.02
17	110	0.02
17	109	0.02
17	108	0.03
17	107	0.03
17	106	0.04
17	105	0.05
17	104	0.06
17	103	0.07
17	102	0.08
17	101	0.09
17	100	0.11
17	99	0.13
17	98	0.15
17	97	0.17
17	96	0.19
17	95	0.21
17	94	0.23
17	93	0.26
17	92	0.28
17	91	0.31
17	90	0.34
17	89	0.37
17	88	0.41
17	87	0.44
17	86	0.47
17	85	0.50
17	84	0.53
17	83	0.56
17	82	0.59
17	81	0.62
17	80	0.65
17	79	0.68
17	78	0.70
17	77	0.73
17	76	0.76
17	75	0.78
17	74	0.80
17	73	0.82
17	72	0.84
17	71	0.86
17	70	0.87
17	69	0.88
17	68	0.90
17	67	0.91
17	66	0.92
17	65	0.93
17	64	0.94
17	63	0.95
17	62	0.95
17	61	0.96
17	60	0.96
17	59	0.96
17	58	0.97
17	57	0.97
17	56	0.97
17	55	0.98
17	54	0.98
17	53	0.98
17	52	0.98
17	51	0.98
17	50	0.99
17	49	0.99
17	48	0.99
17	47	0.99
17	46	0.99
17	45	0.99
17	44	0.99
17	43	0.99
17	42	0.99
17	41	1.00
17	40	1.00
17	39	1.00
17	38	1.00
17	37	1.00
17	36	1.00
17	35	1.00
17	34	1.00
17	33	1.00
17	32	1.00
17	31	1.00
17	30	1.00
17	29	1.00
17	28	1.00
17	27	1.00
17	26	1.00
17	25	1.00
17	24	1.00
17	23	1.00
17	22	1.00
17	21	1.00
17	20	1.00
17	19	1.00
17	18	1.00
17	17	1.00
17	16	1.00
17	15	1.00
17	14	1.00
17	13	1.00
17	12	1.00
17	11	1.00
17	10	1.00
17	9	1.00
17	8	1.00
17	7	1.00
17	6	1.00
17	5	1.00
17	4	1.00
17	3	1.00
17	2	1.00
17	1	1.00
17	0	1.00
18	113	0.00
18	112	0.00
18	111	0.00
18	110	0.00
18	109	0.00
18	108	0.00
18	107	0.00
18	106	0.01
18	105	0.01
18	104	0.01
18	103	0.01
18	102	0.02
18	101	0.02
18	100	0.03
18	99	0.04
18	98	0.05
18	97	0.07
18	96	0.08
18	95	0.10
18	94	0.11
18	93	0.13
18	92	0.15
18	91	0.17
18	90	0.19
18	89	0.21
18	88	0.25
18	87	0.28
18	86	0.31
18	85	0.34
18	84	0.38
18	83	0.41
18	82	0.45
18	81	0.48
18	80	0.51
18	79	0.54
18	78	0.57
18	77	0.60
18	76	0.63
18	75	0.66
18	74	0.69
18	73	0.71
18	72	0.73
18	71	0.75
18	70	0.77
18	69	0.79
18	68	0.80
18	67	0.82
18	66	0.83
18	65	0.84
18	64	0.85
18	63	0.86
18	62	0.87
18	61	0.87
18	60	0.88
18	59	0.88
18	58	0.88
18	57	0.88
18	56	0.89
18	55	0.89
18	54	0.89
18	53	0.90
18	52	0.90
18	51	0.90
18	50	0.90
18	49	0.90
18	48	0.91
18	47	0.91
18	46	0.91
18	45	0.91
18	44	0.91
18	43	0.92
18	42	0.92
18	41	0.93
18	40	0.93
18	39	0.93
18	38	0.93
18	37	0.93
18	36	0.94
18	35	0.94
18	34	0.94
18	33	0.94
18	32	0.94
18	31	0.95
18	30	0.95
18	29	0.95
18	28	0.95
18	27	0.96
18	26	0.96
18	25	0.96
18	24	0.96
18	23	0.96
18	22	0.96
18	21	0.96
18	20	0.97
18	19	0.97
18	18	0.98
18	17	0.98
18	16	0.98
18	15	0.98
18	14	0.98
18	13	0.99
18	12	0.99
18	11	0.99
18	10	0.99
18	9	0.99
18	8	1.00
18	7	1.00
18	6	1.00
18	5	1.00
18	4	1.00
18	3	1.00
18	2	1.00
18	1	1.00
18	0	1.00
19	129	0.00
19	128	0.00
19	127	0.00
19	126	0.00
19	125	0.00
19	124	0.00
19	123	0.00
19	122	0.00
19	121	0.00
19	120	0.00
19	119	0.01
19	118	0.01
19	117	0.01
19	116	0.01
19	115	0.01
19	114	0.01
19	113	0.01
19	112	0.02
19	111	0.02
19	110	0.03
19	109	0.03
19	108	0.04
19	107	0.05
19	106	0.05
19	105	0.06
19	104	0.07
19	103	0.08
19	102	0.10
19	101	0.11
19	100	0.13
19	99	0.14
19	98	0.17
19	97	0.19
19	96	0.21
19	95	0.23
19	94	0.26
19	93	0.28
19	92	0.31
19	91	0.34
19	90	0.36
19	89	0.39
19	88	0.42
19	87	0.45
19	86	0.48
19	85	0.51
19	84	0.54
19	83	0.57
19	82	0.60
19	81	0.62
19	80	0.65
19	79	0.68
19	78	0.70
19	77	0.72
19	76	0.75
19	75	0.77
19	74	0.78
19	73	0.80
19	72	0.82
19	71	0.83
19	70	0.85
19	69	0.86
19	68	0.88
19	67	0.89
19	66	0.90
19	65	0.90
19	64	0.91
19	63	0.92
19	62	0.92
19	61	0.92
19	60	0.93
19	59	0.93
19	58	0.93
19	57	0.94
19	56	0.94
19	55	0.94
19	54	0.95
19	53	0.95
19	52	0.95
19	51	0.95
19	50	0.95
19	49	0.96
19	48	0.96
19	47	0.96
19	46	0.96
19	45	0.96
19	44	0.97
19	43	0.97
19	42	0.97
19	41	0.97
19	40	0.97
19	39	0.97
19	38	0.97
19	37	0.98
19	36	0.98
19	35	0.98
19	34	0.98
19	33	0.98
19	32	0.98
19	31	0.98
19	30	0.99
19	29	0.99
19	28	0.99
19	27	0.99
19	26	0.99
19	25	0.99
19	24	0.99
19	23	0.99
19	22	0.99
19	21	0.99
19	20	0.99
19	19	0.99
19	18	0.99
19	17	0.99
19	16	0.99
19	15	0.99
19	14	0.99
19	13	1.00
19	12	1.00
19	11	1.00
19	10	1.00
19	9	1.00
19	8	1.00
19	7	1.00
19	6	1.00
19	5	1.00
19	4	1.00
19	3	1.00
19	2	1.00
19	1	1.00
19	0	1.00
20	129	0.00
20	128	0.00
20	127	0.00
20	126	0.00
20	125	0.00
20	124	0.00
20	123	0.00
20	122	0.00
20	121	0.00
20	120	0.00
20	119	0.00
20	118	0.01
20	117	0.01
20	116	0.01
20	115	0.01
20	114	0.01
20	113	0.01
20	112	0.02
20	111	0.02
20	110	0.03
20	109	0.03
20	108	0.03
20	107	0.04
20	106	0.05
20	105	0.05
20	104	0.06
20	103	0.07
20	102	0.08
20	101	0.09
20	100	0.11
20	99	0.12
20	98	0.14
20	97	0.16
20	96	0.18
20	95	0.21
20	94	0.24
20	93	0.27
20	92	0.30
20	91	0.34
20	90	0.37
20	89	0.41
20	88	0.44
20	87	0.48
20	86	0.51
20	85	0.55
20	84	0.58
20	83	0.61
20	82	0.64
20	81	0.67
20	80	0.70
20	79	0.72
20	78	0.75
20	77	0.78
20	76	0.81
20	75	0.83
20	74	0.85
20	73	0.87
20	72	0.89
20	71	0.90
20	70	0.92
20	69	0.93
20	68	0.94
20	67	0.95
20	66	0.95
20	65	0.96
20	64	0.96
20	63	0.97
20	62	0.97
20	61	0.97
20	60	0.97
20	59	0.97
20	58	0.98
20	57	0.98
20	56	0.98
20	55	0.98
20	54	0.98
20	53	0.98
20	52	0.98
20	51	0.98
20	50	0.99
20	49	0.99
20	48	0.99
20	47	0.99
20	46	0.99
20	45	0.99
20	44	0.99
20	43	0.99
20	42	0.99
20	41	0.99
20	40	0.99
20	39	0.99
20	38	0.99
20	37	0.99
20	36	0.99
20	35	0.99
20	34	0.99
20	33	0.99
20	32	0.99
20	31	0.99
20	30	0.99
20	29	0.99
20	28	0.99
20	27	0.99
20	26	0.99
20	25	0.99
20	24	0.99
20	23	0.99
20	22	0.99
20	21	0.99
20	20	0.99
20	19	0.99
20	18	0.99
20	17	0.99
20	16	0.99
20	15	0.99
20	14	0.99
20	13	0.99
20	12	0.99
20	11	0.99
20	10	0.99
20	9	0.99
20	8	0.99
20	7	0.99
20	6	0.99
20	5	0.99
20	4	0.99
20	3	0.99
20	2	0.99
20	1	1.00
20	0	1.00
21	162	0.00
21	161	0.00
21	160	0.00
21	159	0.00
21	158	0.00
21	157	0.00
21	156	0.00
21	155	0.00
21	154	0.00
21	153	0.00
21	152	0.00
21	151	0.00
21	150	0.00
21	149	0.00
21	148	0.00
21	147	0.00
21	146	0.00
21	145	0.00
21	144	0.00
21	143	0.00
21	142	0.00
21	141	0.00
21	140	0.00
21	139	0.00
21	138	0.00
21	137	0.00
21	136	0.00
21	135	0.00
21	134	0.00
21	133	0.00
21	132	0.00
21	131	0.00
21	130	0.00
21	129	0.00
21	128	0.00
21	127	0.00
21	126	0.00
21	125	0.00
21	124	0.00
21	123	0.00
21	122	0.00
21	121	0.00
21	120	0.00
21	119	0.00
21	118	0.00
21	117	0.00
21	116	0.01
21	115	0.01
21	114	0.01
21	113	0.01
21	112	0.02
21	111	0.02
21	110	0.02
21	109	0.03
21	108	0.03
21	107	0.04
21	106	0.05
21	105	0.05
21	104	0.06
21	103	0.08
21	102	0.09
21	101	0.10
21	100	0.12
21	99	0.13
21	98	0.15
21	97	0.18
21	96	0.20
21	95	0.22
21	94	0.25
21	93	0.28
21	92	0.32
21	91	0.35
21	90	0.38
21	89	0.42
21	88	0.46
21	87	0.49
21	86	0.53
21	85	0.56
21	84	0.60
21	83	0.64
21	82	0.67
21	81	0.71
21	80	0.74
21	79	0.77
21	78	0.79
21	77	0.82
21	76	0.84
21	75	0.86
21	74	0.88
21	73	0.90
21	72	0.91
21	71	0.92
21	70	0.94
21	69	0.94
21	68	0.95
21	67	0.96
21	66	0.97
21	65	0.97
21	64	0.98
21	63	0.98
21	62	0.98
21	61	0.98
21	60	0.99
21	59	0.99
21	58	0.99
21	57	0.99
21	56	0.99
21	55	0.99
21	54	0.99
21	53	1.00
21	52	1.00
21	51	1.00
21	50	1.00
21	49	1.00
21	48	1.00
21	47	1.00
21	46	1.00
21	45	1.00
21	44	1.00
21	43	1.00
21	42	1.00
21	41	1.00
21	40	1.00
21	39	1.00
21	38	1.00
21	37	1.00
21	36	1.00
21	35	1.00
21	34	1.00
21	33	1.00
21	32	1.00
21	31	1.00
21	30	1.00
21	29	1.00
21	28	1.00
21	27	1.00
21	26	1.00
21	25	1.00
21	24	1.00
21	23	1.00
21	22	1.00
21	21	1.00
21	20	1.00
21	19	1.00
21	18	1.00
21	17	1.00
21	16	1.00
21	15	1.00
21	14	1.00
21	13	1.00
21	12	1.00
21	11	1.00
21	10	1.00
21	9	1.00
21	8	1.00
21	7	1.00
21	6	1.00
21	5	1.00
21	4	1.00
21	3	1.00
21	2	1.00
21	1	1.00
21	0	1.00
22	305	0.00
22	304	0.00
22	303	0.00
22	302	0.00
22	301	0.00
22	300	0.00
22	299	0.00
22	298	0.00
22	297	0.00
22	296	0.00
22	295	0.00
22	294	0.00
22	293	0.00
22	292	0.00
22	291	0.00
22	290	0.00
22	289	0.00
22	288	0.00
22	287	0.00
22	286	0.00
22	285	0.00
22	284	0.00
22	283	0.00
22	282	0.00
22	281	0.00
22	280	0.00
22	279	0.00
22	278	0.00
22	277	0.00
22	276	0.00
22	275	0.00
22	274	0.00
22	273	0.00
22	272	0.00
22	271	0.00
22	270	0.00
22	269	0.00
22	268	0.00
22	267	0.00
22	266	0.00
22	265	0.00
22	264	0.00
22	263	0.00
22	262	0.00
22	261	0.00
22	260	0.00
22	259	0.00
22	258	0.00
22	257	0.00
22	256	0.00
22	255	0.00
22	254	0.00
22	253	0.00
22	252	0.00
22	251	0.00
22	250	0.00
22	249	0.00
22	248	0.00
22	247	0.00
22	246	0.00
22	245	0.00
22	244	0.00
22	243	0.00
22	242	0.00
22	241	0.00
22	240	0.00
22	239	0.00
22	238	0.00
22	237	0.00
22	236	0.00
22	235	0.00
22	234	0.00
22	233	0.00
22	232	0.00
22	231	0.00
22	230	0.00
22	229	0.00
22	228	0.00
22	227	0.00
22	226	0.00
22	225	0.00
22	224	0.00
22	223	0.00
22	222	0.00
22	221	0.00
22	220	0.00
22	219	0.00
22	218	0.00
22	217	0.00
22	216	0.00
22	215	0.00
22	214	0.00
22	213	0.00
22	212	0.00
22	211	0.00
22	210	0.00
22	209	0.01
22	208	0.01
22	207	0.01
22	206	0.01
22	205	0.01
22	204	0.01
22	203	0.01
22	202	0.01
22	201	0.01
22	200	0.01
22	199	0.01
22	198	0.01
22	197	0.01
22	196	0.01
22	195	0.01
22	194	0.01
22	193	0.01
22	192	0.01
22	191	0.01
22	190	0.01
22	189	0.01
22	188	0.01
22	187	0.01
22	186	0.01
22	185	0.01
22	184	0.01
22	183	0.01
22	182	0.01
22	181	0.02
22	180	0.02
22	179	0.02
22	178	0.02
22	177	0.02
22	176	0.02
22	175	0.02
22	174	0.02
22	173	0.02
22	172	0.02
22	171	0.02
22	170	0.02
22	169	0.02
22	168	0.03
22	167	0.03
22	166	0.03
22	165	0.03
22	164	0.03
22	163	0.03
22	162	0.03
22	161	0.03
22	160	0.03
22	159	0.03
22	158	0.03
22	157	0.03
22	156	0.03
22	155	0.03
22	154	0.03
22	153	0.03
22	152	0.03
22	151	0.03
22	150	0.03
22	149	0.03
22	148	0.03
22	147	0.03
22	146	0.03
22	145	0.03
22	144	0.03
22	143	0.03
22	142	0.03
22	141	0.03
22	140	0.03
22	139	0.03
22	138	0.03
22	137	0.03
22	136	0.03
22	135	0.03
22	134	0.03
22	133	0.03
22	132	0.03
22	131	0.03
22	130	0.03
22	129	0.03
22	128	0.03
22	127	0.03
22	126	0.03
22	125	0.03
22	124	0.03
22	123	0.03
22	122	0.04
22	121	0.04
22	120	0.04
22	119	0.04
22	118	0.04
22	117	0.04
22	116	0.04
22	115	0.04
22	114	0.05
22	113	0.05
22	112	0.05
22	111	0.06
22	110	0.06
22	109	0.07
22	108	0.07
22	107	0.08
22	106	0.09
22	105	0.10
22	104	0.11
22	103	0.12
22	102	0.13
22	101	0.15
22	100	0.16
22	99	0.18
22	98	0.19
22	97	0.21
22	96	0.23
22	95	0.25
22	94	0.27
22	93	0.29
22	92	0.32
22	91	0.35
22	90	0.38
22	89	0.41
22	88	0.44
22	87	0.47
22	86	0.50
22	85	0.53
22	84	0.56
22	83	0.59
22	82	0.62
22	81	0.65
22	80	0.68
22	79	0.70
22	78	0.72
22	77	0.75
22	76	0.77
22	75	0.79
22	74	0.81
22	73	0.82
22	72	0.84
22	71	0.85
22	70	0.86
22	69	0.87
22	68	0.88
22	67	0.89
22	66	0.90
22	65	0.90
22	64	0.91
22	63	0.92
22	62	0.92
22	61	0.93
22	60	0.93
22	59	0.93
22	58	0.93
22	57	0.94
22	56	0.94
22	55	0.94
22	54	0.94
22	53	0.95
22	52	0.95
22	51	0.95
22	50	0.95
22	49	0.95
22	48	0.96
22	47	0.96
22	46	0.96
22	45	0.96
22	44	0.96
22	43	0.97
22	42	0.97
22	41	0.97
22	40	0.97
22	39	0.97
22	38	0.97
22	37	0.98
22	36	0.98
22	35	0.98
22	34	0.98
22	33	0.98
22	32	0.98
22	31	0.98
22	30	0.98
22	29	0.98
22	28	0.98
22	27	0.98
22	26	0.98
22	25	0.99
22	24	0.99
22	23	0.99
22	22	0.99
22	21	0.99
22	20	0.99
22	19	0.99
22	18	0.99
22	17	0.99
22	16	0.99
22	15	0.99
22	14	0.99
22	13	0.99
22	12	0.99
22	11	0.99
22	10	1.00
22	9	1.00
22	8	1.00
22	7	1.00
22	6	1.00
22	5	1.00
22	4	1.00
22	3	1.00
22	2	1.00
22	1	1.00
22	0	1.00
X	101	0.00
X	100	0.00
X	99	0.00
X	98	0.00
X	97	0.00
X	96	0.00
X	95	0.00
X	94	0.00
X	93	0.00
X	92	0.00
X	91	0.00
X	90	0.00
X	89	0.00
X	88	0.00
X	87	0.00
X	86	0.00
X	85	0.00
X	84	0.00
X	83	0.00
X	82	0.00
X	81	0.01
X	80	0.01
X	79	0.01
X	78	0.01
X	77	0.01
X	76	0.01
X	75	0.01
X	74	0.01
X	73	0.01
X	72	0.01
X	71	0.01
X	70	0.01
X	69	0.01
X	68	0.01
X	67	0.01
X	66	0.01
X	65	0.01
X	64	0.01
X	63	0.01
X	62	0.02
X	61	0.02
X	60	0.02
X	59	0.03
X	58	0.03
X	57	0.04
X	56	0.05
X	55	0.06
X	54	0.08
X	53	0.10
X	52	0.12
X	51	0.15
X	50	0.18
X	49	0.21
X	48	0.25
X	47	0.30
X	46	0.34
X	45	0.39
X	44	0.44
X	43	0.49
X	42	0.54
X	41	0.60
X	40	0.65
X	39	0.70
X	38	0.75
X	37	0.79
X	36	0.83
X	35	0.86
X	34	0.89
X	33	0.91
X	32	0.93
X	31	0.95
X	30	0.96
X	29	0.97
X	28	0.98
X	27	0.98
X	26	0.98
X	25	0.99
X	24	0.99
X	23	0.99
X	22	0.99
X	21	0.99
X	20	1.00
X	19	1.00
X	18	1.00
X	17	1.00
X	16	1.00
X	15	1.00
X	14	1.00
X	13	1.00
X	12	1.00
X	11	1.00
X	10	1.00
X	9	1.00
X	8	1.00
X	7	1.00
X	6	1.00
X	5	1.00
X	4	1.00
X	3	1.00
X	2	1.00
X	1	1.00
X	0	1.00
Y	57	0.00
Y	56	0.00
Y	55	0.01
Y	54	0.01
Y	53	0.01
Y	52	0.02
Y	51	0.03
Y	50	0.04
Y	49	0.05
Y	48	0.07
Y	47	0.07
Y	46	0.09
Y	45	0.11
Y	44	0.12
Y	43	0.13
Y	42	0.15
Y	41	0.16
Y	40	0.17
Y	39	0.20
Y	38	0.22
Y	37	0.24
Y	36	0.24
Y	35	0.24
Y	34	0.25
Y	33	0.26
Y	32	0.27
Y	31	0.27
Y	30	0.28
Y	29	0.28
Y	28	0.28
Y	27	0.28
Y	26	0.28
Y	25	0.28
Y	24	0.28
Y	23	0.28
Y	22	0.28
Y	21	0.28
Y	20	0.28
Y	19	0.28
Y	18	0.28
Y	17	0.28
Y	16	0.28
Y	15	0.28
Y	14	0.28
Y	13	0.28
Y	12	0.28
Y	11	0.28
Y	10	0.28
Y	9	0.28
Y	8	0.28
Y	7	0.28
Y	6	0.28
Y	5	0.28
Y	4	0.28
Y	3	0.28
Y	2	0.28
Y	1	0.28
Y	0	1.00
total	289	0.00
total	288	0.00
total	287	0.00
total	286	0.00
total	285	0.00
total	284	0.00
total	283	0.00
total	282	0.00
total	281	0.00
total	280	0.00
total	279	0.00
total	278	0.00
total	277	0.00
total	276	0.00
total	275	0.00
total	274	0.00
total	273	0.00
total	272	0.00
total	271	0.00
total	270	0.00
total	269	0.00
total	268	0.00
total	267	0.00
total	266	0.00
total	265	0.00
total	264	0.00
total	263	0.00
total	262	0.00
total	261	0.00
total	260	0.00
total	259	0.00
total	258	0.00
total	257	0.00
total	256	0.00
total	255	0.00
total	254	0.00
total	253	0.00
total	252	0.00
total	251	0.00
total	250	0.00
total	249	0.00
total	248	0.00
total	247	0.00
total	246	0.00
total	245	0.00
total	244	0.00
total	243	0.00
total	242	0.00
total	241	0.00
total	240	0.00
total	239	0.00
total	238	0.00
total	237	0.00
total	236	0.00
total	235	0.00
total	234	0.00
total	233	0.00
total	232	0.00
total	231	0.00
total	230	0.00
total	229	0.00
total	228	0.00
total	227	0.00
total	226	0.00
total	225	0.00
total	224	0.00
total	223	0.00
total	222	0.00
total	221	0.00
total	220	0.00
total	219	0.00
total	218	0.00
total	217	0.00
total	216	0.00
total	215	0.00
total	214	0.00
total	213	0.00
total	212	0.00
total	211	0.00
total	210	0.00
total	209	0.00
total	208	0.00
total	207	0.00
total	206	0.00
total	205	0.00
total	204	0.00
total	203	0.00
total	202	0.00
total	201	0.00
total	200	0.00
total	199	0.00
total	198	0.00
total	197	0.00
total	196	0.00
total	195	0.00
total	194	0.00
total	193	0.00
total	192	0.00
total	191	0.00
total	190	0.00
total	189	0.00
total	188	0.00
total	187	0.00
total	186	0.00
total	185	0.00
total	184	0.00
total	183	0.00
total	182	0.00
total	181	0.00
total	180	0.00
total	179	0.00
total	178	0.00
total	177	0.00
total	176	0.00
total	175	0.00
total	174	0.00
total	173	0.00
total	172	0.00
total	171	0.00
total	170	0.00
total	169	0.00
total	168	0.00
total	167	0.00
total	166	0.00
total	165	0.00
total	164	0.00
total	163	0.00
total	162	0.00
total	161	0.00
total	160	0.00
total	159	0.00
total	158	0.00
total	157	0.00
total	156	0.00
total	155	0.00
total	154	0.00
total	153	0.00
total	152	0.00
total	151	0.00
total	150	0.00
total	149	0.00
total	148	0.00
total	147	0.00
total	146	0.00
total	145	0.00
total	144	0.00
total	143	0.00
total	142	0.00
total	141	0.00
total	140	0.00
total	139	0.00
total	138	0.00
total	137	0.00
total	136	0.00
total	135	0.00
total	134	0.00
total	133	0.00
total	132	0.00
total	131	0.00
total	130	0.00
total	129	0.00
total	128	0.00
total	127	0.00
total	126	0.00
total	125	0.00
total	124	0.00
total	123	0.00
total	122	0.00
total	121	0.00
total	120	0.00
total	119	0.00
total	118	0.01
total	117	0.01
total	116	0.01
total	115	0.01
total	114	0.01
total	113	0.01
total	112	0.01
total	111	0.02
total	110	0.02
total	109	0.02
total	108	0.03
total	107	0.03
total	106	0.04
total	105	0.04
total	104	0.05
total	103	0.06
total	102	0.07
total	101	0.08
total	100	0.09
total	99	0.11
total	98	0.12
total	97	0.14
total	96	0.16
total	95	0.18
total	94	0.20
total	93	0.23
total	92	0.25
total	91	0.28
total	90	0.31
total	89	0.34
total	88	0.37
total	87	0.40
total	86	0.43
total	85	0.46
total	84	0.49
total	83	0.52
total	82	0.55
total	81	0.58
total	80	0.61
total	79	0.64
total	78	0.67
total	77	0.69
total	76	0.72
total	75	0.74
total	74	0.76
total	73	0.78
total	72	0.79
total	71	0.81
total	70	0.82
total	69	0.84
total	68	0.85
total	67	0.86
total	66	0.87
total	65	0.88
total	64	0.88
total	63	0.89
total	62	0.90
total	61	0.90
total	60	0.91
total	59	0.91
total	58	0.91
total	57	0.92
total	56	0.92
total	55	0.92
total	54	0.93
total	53	0.93
total	52	0.93
total	51	0.94
total	50	0.94
total	49	0.94
total	48	0.95
total	47	0.95
total	46	0.95
total	45	0.95
total	44	0.96
total	43	0.96
total	42	0.97
total	41	0.97
total	40	0.97
total	39	0.97
total	38	0.98
total	37	0.98
total	36	0.98
total	35	0.98
total	34	0.99
total	33	0.99
total	32	0.99
total	31	0.99
total	30	0.99
total	29	0.99
total	28	0.99
total	27	0.99
total	26	0.99
total	25	0.99
total	24	0.99
total	23	1.00
total	22	1.00
total	21	1.00
total	20	1.00
total	19	1.00
total	18	1.00
total	17	1.00
total	16	1.00
total	15	1.00
total	14	1.00
total	13	1.00
total	12	1.00
total	11	1.00
total	10	1.00
total	9	1.00
total	8	1.00
total	7	1.00
total	6	1.00
total	5	1.00
total	4	1.00
total	3	1.00
total	2	1.00
total	1	1.00
total	0	1.00
