1	228	0.00
1	227	0.00
1	226	0.00
1	225	0.00
1	224	0.00
1	223	0.00
1	222	0.00
1	221	0.00
1	220	0.00
1	219	0.00
1	218	0.00
1	217	0.00
1	216	0.00
1	215	0.00
1	214	0.00
1	213	0.00
1	212	0.00
1	211	0.00
1	210	0.00
1	209	0.00
1	208	0.00
1	207	0.00
1	206	0.00
1	205	0.00
1	204	0.00
1	203	0.00
1	202	0.00
1	201	0.00
1	200	0.00
1	199	0.00
1	198	0.00
1	197	0.00
1	196	0.00
1	195	0.00
1	194	0.00
1	193	0.00
1	192	0.00
1	191	0.00
1	190	0.00
1	189	0.00
1	188	0.00
1	187	0.00
1	186	0.00
1	185	0.00
1	184	0.00
1	183	0.00
1	182	0.00
1	181	0.00
1	180	0.00
1	179	0.00
1	178	0.00
1	177	0.00
1	176	0.00
1	175	0.00
1	174	0.00
1	173	0.00
1	172	0.00
1	171	0.00
1	170	0.00
1	169	0.00
1	168	0.00
1	167	0.00
1	166	0.00
1	165	0.00
1	164	0.00
1	163	0.00
1	162	0.00
1	161	0.00
1	160	0.00
1	159	0.00
1	158	0.00
1	157	0.00
1	156	0.00
1	155	0.00
1	154	0.00
1	153	0.00
1	152	0.00
1	151	0.00
1	150	0.00
1	149	0.00
1	148	0.00
1	147	0.00
1	146	0.00
1	145	0.00
1	144	0.00
1	143	0.00
1	142	0.00
1	141	0.00
1	140	0.00
1	139	0.00
1	138	0.00
1	137	0.00
1	136	0.00
1	135	0.00
1	134	0.00
1	133	0.00
1	132	0.00
1	131	0.00
1	130	0.00
1	129	0.00
1	128	0.00
1	127	0.00
1	126	0.00
1	125	0.01
1	124	0.01
1	123	0.01
1	122	0.01
1	121	0.01
1	120	0.01
1	119	0.02
1	118	0.02
1	117	0.02
1	116	0.02
1	115	0.03
1	114	0.03
1	113	0.04
1	112	0.04
1	111	0.05
1	110	0.05
1	109	0.06
1	108	0.07
1	107	0.08
1	106	0.08
1	105	0.10
1	104	0.11
1	103	0.12
1	102	0.13
1	101	0.14
1	100	0.15
1	99	0.17
1	98	0.18
1	97	0.19
1	96	0.21
1	95	0.22
1	94	0.23
1	93	0.25
1	92	0.26
1	91	0.28
1	90	0.29
1	89	0.31
1	88	0.32
1	87	0.33
1	86	0.34
1	85	0.36
1	84	0.37
1	83	0.38
1	82	0.39
1	81	0.40
1	80	0.41
1	79	0.42
1	78	0.43
1	77	0.44
1	76	0.45
1	75	0.46
1	74	0.47
1	73	0.48
1	72	0.50
1	71	0.51
1	70	0.53
1	69	0.54
1	68	0.56
1	67	0.58
1	66	0.60
1	65	0.62
1	64	0.64
1	63	0.66
1	62	0.68
1	61	0.70
1	60	0.73
1	59	0.75
1	58	0.77
1	57	0.80
1	56	0.82
1	55	0.84
1	54	0.86
1	53	0.88
1	52	0.90
1	51	0.91
1	50	0.93
1	49	0.94
1	48	0.95
1	47	0.96
1	46	0.96
1	45	0.97
1	44	0.98
1	43	0.98
1	42	0.98
1	41	0.99
1	40	0.99
1	39	0.99
1	38	0.99
1	37	0.99
1	36	0.99
1	35	0.99
1	34	0.99
1	33	0.99
1	32	0.99
1	31	0.99
1	30	0.99
1	29	1.00
1	28	1.00
1	27	1.00
1	26	1.00
1	25	1.00
1	24	1.00
1	23	1.00
1	22	1.00
1	21	1.00
1	20	1.00
1	19	1.00
1	18	1.00
1	17	1.00
1	16	1.00
1	15	1.00
1	14	1.00
1	13	1.00
1	12	1.00
1	11	1.00
1	10	1.00
1	9	1.00
1	8	1.00
1	7	1.00
1	6	1.00
1	5	1.00
1	4	1.00
1	3	1.00
1	2	1.00
1	1	1.00
1	0	1.00
2	117	0.00
2	116	0.00
2	115	0.00
2	114	0.00
2	113	0.00
2	112	0.00
2	111	0.00
2	110	0.00
2	109	0.01
2	108	0.01
2	107	0.01
2	106	0.01
2	105	0.01
2	104	0.02
2	103	0.02
2	102	0.02
2	101	0.03
2	100	0.03
2	99	0.04
2	98	0.05
2	97	0.06
2	96	0.07
2	95	0.08
2	94	0.09
2	93	0.11
2	92	0.12
2	91	0.14
2	90	0.16
2	89	0.19
2	88	0.22
2	87	0.24
2	86	0.28
2	85	0.31
2	84	0.34
2	83	0.37
2	82	0.40
2	81	0.44
2	80	0.47
2	79	0.51
2	78	0.54
2	77	0.58
2	76	0.61
2	75	0.65
2	74	0.68
2	73	0.71
2	72	0.74
2	71	0.77
2	70	0.80
2	69	0.83
2	68	0.85
2	67	0.87
2	66	0.89
2	65	0.90
2	64	0.92
2	63	0.93
2	62	0.94
2	61	0.95
2	60	0.96
2	59	0.96
2	58	0.97
2	57	0.97
2	56	0.97
2	55	0.98
2	54	0.98
2	53	0.98
2	52	0.98
2	51	0.99
2	50	0.99
2	49	0.99
2	48	0.99
2	47	0.99
2	46	0.99
2	45	0.99
2	44	0.99
2	43	0.99
2	42	0.99
2	41	0.99
2	40	0.99
2	39	0.99
2	38	0.99
2	37	0.99
2	36	0.99
2	35	0.99
2	34	0.99
2	33	0.99
2	32	0.99
2	31	1.00
2	30	1.00
2	29	1.00
2	28	1.00
2	27	1.00
2	26	1.00
2	25	1.00
2	24	1.00
2	23	1.00
2	22	1.00
2	21	1.00
2	20	1.00
2	19	1.00
2	18	1.00
2	17	1.00
2	16	1.00
2	15	1.00
2	14	1.00
2	13	1.00
2	12	1.00
2	11	1.00
2	10	1.00
2	9	1.00
2	8	1.00
2	7	1.00
2	6	1.00
2	5	1.00
2	4	1.00
2	3	1.00
2	2	1.00
2	1	1.00
2	0	1.00
3	124	0.00
3	123	0.00
3	122	0.00
3	121	0.00
3	120	0.00
3	119	0.00
3	118	0.00
3	117	0.00
3	116	0.00
3	115	0.00
3	114	0.00
3	113	0.00
3	112	0.00
3	111	0.00
3	110	0.00
3	109	0.00
3	108	0.01
3	107	0.01
3	106	0.01
3	105	0.01
3	104	0.01
3	103	0.02
3	102	0.02
3	101	0.03
3	100	0.03
3	99	0.04
3	98	0.05
3	97	0.05
3	96	0.06
3	95	0.07
3	94	0.08
3	93	0.09
3	92	0.11
3	91	0.12
3	90	0.13
3	89	0.15
3	88	0.17
3	87	0.19
3	86	0.22
3	85	0.24
3	84	0.27
3	83	0.30
3	82	0.34
3	81	0.38
3	80	0.41
3	79	0.45
3	78	0.49
3	77	0.53
3	76	0.57
3	75	0.61
3	74	0.64
3	73	0.68
3	72	0.71
3	71	0.74
3	70	0.77
3	69	0.80
3	68	0.83
3	67	0.85
3	66	0.87
3	65	0.89
3	64	0.90
3	63	0.91
3	62	0.93
3	61	0.94
3	60	0.95
3	59	0.95
3	58	0.96
3	57	0.97
3	56	0.97
3	55	0.97
3	54	0.98
3	53	0.98
3	52	0.98
3	51	0.98
3	50	0.99
3	49	0.99
3	48	0.99
3	47	0.99
3	46	0.99
3	45	0.99
3	44	0.99
3	43	0.99
3	42	0.99
3	41	0.99
3	40	0.99
3	39	0.99
3	38	0.99
3	37	0.99
3	36	0.99
3	35	0.99
3	34	0.99
3	33	1.00
3	32	1.00
3	31	1.00
3	30	1.00
3	29	1.00
3	28	1.00
3	27	1.00
3	26	1.00
3	25	1.00
3	24	1.00
3	23	1.00
3	22	1.00
3	21	1.00
3	20	1.00
3	19	1.00
3	18	1.00
3	17	1.00
3	16	1.00
3	15	1.00
3	14	1.00
3	13	1.00
3	12	1.00
3	11	1.00
3	10	1.00
3	9	1.00
3	8	1.00
3	7	1.00
3	6	1.00
3	5	1.00
3	4	1.00
3	3	1.00
3	2	1.00
3	1	1.00
3	0	1.00
4	117	0.00
4	116	0.00
4	115	0.00
4	114	0.00
4	113	0.00
4	112	0.00
4	111	0.00
4	110	0.00
4	109	0.00
4	108	0.00
4	107	0.01
4	106	0.01
4	105	0.01
4	104	0.01
4	103	0.01
4	102	0.02
4	101	0.02
4	100	0.03
4	99	0.03
4	98	0.04
4	97	0.05
4	96	0.06
4	95	0.07
4	94	0.08
4	93	0.09
4	92	0.11
4	91	0.13
4	90	0.15
4	89	0.18
4	88	0.20
4	87	0.23
4	86	0.26
4	85	0.30
4	84	0.33
4	83	0.37
4	82	0.41
4	81	0.44
4	80	0.48
4	79	0.52
4	78	0.55
4	77	0.59
4	76	0.62
4	75	0.65
4	74	0.68
4	73	0.71
4	72	0.74
4	71	0.77
4	70	0.79
4	69	0.81
4	68	0.84
4	67	0.86
4	66	0.87
4	65	0.89
4	64	0.90
4	63	0.91
4	62	0.92
4	61	0.93
4	60	0.94
4	59	0.94
4	58	0.95
4	57	0.95
4	56	0.96
4	55	0.96
4	54	0.96
4	53	0.97
4	52	0.97
4	51	0.97
4	50	0.97
4	49	0.97
4	48	0.97
4	47	0.97
4	46	0.97
4	45	0.98
4	44	0.98
4	43	0.98
4	42	0.98
4	41	0.98
4	40	0.98
4	39	0.98
4	38	0.98
4	37	0.98
4	36	0.98
4	35	0.98
4	34	0.98
4	33	0.98
4	32	0.98
4	31	0.99
4	30	0.99
4	29	0.99
4	28	0.99
4	27	0.99
4	26	0.99
4	25	0.99
4	24	0.99
4	23	0.99
4	22	0.99
4	21	0.99
4	20	0.99
4	19	0.99
4	18	0.99
4	17	0.99
4	16	0.99
4	15	0.99
4	14	0.99
4	13	1.00
4	12	1.00
4	11	1.00
4	10	1.00
4	9	1.00
4	8	1.00
4	7	1.00
4	6	1.00
4	5	1.00
4	4	1.00
4	3	1.00
4	2	1.00
4	1	1.00
4	0	1.00
5	120	0.00
5	119	0.00
5	118	0.00
5	117	0.00
5	116	0.00
5	115	0.00
5	114	0.00
5	113	0.00
5	112	0.00
5	111	0.00
5	110	0.00
5	109	0.00
5	108	0.01
5	107	0.01
5	106	0.01
5	105	0.01
5	104	0.01
5	103	0.02
5	102	0.02
5	101	0.03
5	100	0.03
5	99	0.04
5	98	0.05
5	97	0.06
5	96	0.07
5	95	0.08
5	94	0.10
5	93	0.11
5	92	0.13
5	91	0.15
5	90	0.17
5	89	0.20
5	88	0.22
5	87	0.25
5	86	0.27
5	85	0.30
5	84	0.34
5	83	0.37
5	82	0.41
5	81	0.44
5	80	0.48
5	79	0.52
5	78	0.56
5	77	0.59
5	76	0.63
5	75	0.66
5	74	0.69
5	73	0.73
5	72	0.75
5	71	0.78
5	70	0.81
5	69	0.83
5	68	0.86
5	67	0.87
5	66	0.89
5	65	0.91
5	64	0.92
5	63	0.93
5	62	0.94
5	61	0.95
5	60	0.95
5	59	0.96
5	58	0.97
5	57	0.97
5	56	0.97
5	55	0.98
5	54	0.98
5	53	0.98
5	52	0.98
5	51	0.98
5	50	0.98
5	49	0.99
5	48	0.99
5	47	0.99
5	46	0.99
5	45	0.99
5	44	0.99
5	43	0.99
5	42	0.99
5	41	0.99
5	40	0.99
5	39	0.99
5	38	0.99
5	37	0.99
5	36	0.99
5	35	1.00
5	34	1.00
5	33	1.00
5	32	1.00
5	31	1.00
5	30	1.00
5	29	1.00
5	28	1.00
5	27	1.00
5	26	1.00
5	25	1.00
5	24	1.00
5	23	1.00
5	22	1.00
5	21	1.00
5	20	1.00
5	19	1.00
5	18	1.00
5	17	1.00
5	16	1.00
5	15	1.00
5	14	1.00
5	13	1.00
5	12	1.00
5	11	1.00
5	10	1.00
5	9	1.00
5	8	1.00
5	7	1.00
5	6	1.00
5	5	1.00
5	4	1.00
5	3	1.00
5	2	1.00
5	1	1.00
5	0	1.00
6	118	0.00
6	117	0.00
6	116	0.00
6	115	0.00
6	114	0.00
6	113	0.00
6	112	0.00
6	111	0.00
6	110	0.00
6	109	0.00
6	108	0.00
6	107	0.01
6	106	0.01
6	105	0.01
6	104	0.01
6	103	0.01
6	102	0.02
6	101	0.02
6	100	0.03
6	99	0.03
6	98	0.04
6	97	0.05
6	96	0.05
6	95	0.06
6	94	0.08
6	93	0.09
6	92	0.10
6	91	0.12
6	90	0.14
6	89	0.16
6	88	0.18
6	87	0.20
6	86	0.23
6	85	0.25
6	84	0.29
6	83	0.32
6	82	0.35
6	81	0.39
6	80	0.42
6	79	0.46
6	78	0.50
6	77	0.54
6	76	0.58
6	75	0.61
6	74	0.65
6	73	0.68
6	72	0.71
6	71	0.74
6	70	0.76
6	69	0.79
6	68	0.81
6	67	0.83
6	66	0.85
6	65	0.87
6	64	0.88
6	63	0.90
6	62	0.91
6	61	0.92
6	60	0.93
6	59	0.94
6	58	0.94
6	57	0.95
6	56	0.95
6	55	0.96
6	54	0.96
6	53	0.96
6	52	0.96
6	51	0.97
6	50	0.97
6	49	0.97
6	48	0.97
6	47	0.97
6	46	0.97
6	45	0.97
6	44	0.97
6	43	0.97
6	42	0.98
6	41	0.98
6	40	0.98
6	39	0.98
6	38	0.98
6	37	0.98
6	36	0.98
6	35	0.98
6	34	0.98
6	33	0.98
6	32	0.98
6	31	0.98
6	30	0.98
6	29	0.98
6	28	0.98
6	27	0.98
6	26	0.98
6	25	0.98
6	24	0.98
6	23	0.98
6	22	0.99
6	21	0.99
6	20	0.99
6	19	0.99
6	18	0.99
6	17	0.99
6	16	0.99
6	15	0.99
6	14	0.99
6	13	1.00
6	12	1.00
6	11	1.00
6	10	1.00
6	9	1.00
6	8	1.00
6	7	1.00
6	6	1.00
6	5	1.00
6	4	1.00
6	3	1.00
6	2	1.00
6	1	1.00
6	0	1.00
7	266	0.00
7	265	0.00
7	264	0.00
7	263	0.00
7	262	0.00
7	261	0.00
7	260	0.00
7	259	0.00
7	258	0.00
7	257	0.00
7	256	0.00
7	255	0.00
7	254	0.00
7	253	0.00
7	252	0.00
7	251	0.00
7	250	0.00
7	249	0.00
7	248	0.00
7	247	0.00
7	246	0.00
7	245	0.00
7	244	0.00
7	243	0.00
7	242	0.00
7	241	0.00
7	240	0.00
7	239	0.00
7	238	0.00
7	237	0.00
7	236	0.00
7	235	0.00
7	234	0.00
7	233	0.00
7	232	0.00
7	231	0.00
7	230	0.00
7	229	0.00
7	228	0.00
7	227	0.00
7	226	0.00
7	225	0.00
7	224	0.00
7	223	0.00
7	222	0.00
7	221	0.00
7	220	0.00
7	219	0.00
7	218	0.00
7	217	0.00
7	216	0.00
7	215	0.00
7	214	0.00
7	213	0.00
7	212	0.00
7	211	0.00
7	210	0.00
7	209	0.00
7	208	0.00
7	207	0.00
7	206	0.00
7	205	0.00
7	204	0.00
7	203	0.00
7	202	0.00
7	201	0.00
7	200	0.00
7	199	0.00
7	198	0.00
7	197	0.00
7	196	0.00
7	195	0.00
7	194	0.00
7	193	0.00
7	192	0.00
7	191	0.00
7	190	0.00
7	189	0.00
7	188	0.00
7	187	0.00
7	186	0.00
7	185	0.00
7	184	0.00
7	183	0.00
7	182	0.01
7	181	0.01
7	180	0.01
7	179	0.01
7	178	0.01
7	177	0.01
7	176	0.01
7	175	0.01
7	174	0.01
7	173	0.01
7	172	0.01
7	171	0.01
7	170	0.01
7	169	0.01
7	168	0.01
7	167	0.01
7	166	0.01
7	165	0.01
7	164	0.01
7	163	0.01
7	162	0.01
7	161	0.01
7	160	0.01
7	159	0.01
7	158	0.01
7	157	0.01
7	156	0.01
7	155	0.01
7	154	0.01
7	153	0.01
7	152	0.01
7	151	0.01
7	150	0.01
7	149	0.01
7	148	0.01
7	147	0.01
7	146	0.01
7	145	0.01
7	144	0.01
7	143	0.01
7	142	0.01
7	141	0.01
7	140	0.01
7	139	0.01
7	138	0.01
7	137	0.01
7	136	0.01
7	135	0.01
7	134	0.01
7	133	0.01
7	132	0.01
7	131	0.01
7	130	0.01
7	129	0.01
7	128	0.01
7	127	0.01
7	126	0.01
7	125	0.01
7	124	0.01
7	123	0.01
7	122	0.01
7	121	0.01
7	120	0.01
7	119	0.01
7	118	0.01
7	117	0.01
7	116	0.01
7	115	0.01
7	114	0.01
7	113	0.01
7	112	0.01
7	111	0.01
7	110	0.01
7	109	0.01
7	108	0.01
7	107	0.01
7	106	0.02
7	105	0.02
7	104	0.02
7	103	0.03
7	102	0.03
7	101	0.03
7	100	0.04
7	99	0.05
7	98	0.05
7	97	0.06
7	96	0.07
7	95	0.09
7	94	0.10
7	93	0.12
7	92	0.13
7	91	0.15
7	90	0.17
7	89	0.19
7	88	0.22
7	87	0.24
7	86	0.27
7	85	0.30
7	84	0.33
7	83	0.36
7	82	0.40
7	81	0.43
7	80	0.47
7	79	0.51
7	78	0.54
7	77	0.58
7	76	0.62
7	75	0.65
7	74	0.69
7	73	0.72
7	72	0.75
7	71	0.78
7	70	0.80
7	69	0.83
7	68	0.85
7	67	0.87
7	66	0.89
7	65	0.90
7	64	0.92
7	63	0.93
7	62	0.94
7	61	0.95
7	60	0.95
7	59	0.96
7	58	0.96
7	57	0.97
7	56	0.97
7	55	0.97
7	54	0.98
7	53	0.98
7	52	0.98
7	51	0.98
7	50	0.98
7	49	0.98
7	48	0.98
7	47	0.98
7	46	0.98
7	45	0.99
7	44	0.99
7	43	0.99
7	42	0.99
7	41	0.99
7	40	0.99
7	39	0.99
7	38	0.99
7	37	0.99
7	36	0.99
7	35	0.99
7	34	0.99
7	33	0.99
7	32	0.99
7	31	0.99
7	30	0.99
7	29	0.99
7	28	0.99
7	27	0.99
7	26	0.99
7	25	0.99
7	24	0.99
7	23	0.99
7	22	0.99
7	21	0.99
7	20	0.99
7	19	0.99
7	18	0.99
7	17	0.99
7	16	0.99
7	15	0.99
7	14	0.99
7	13	0.99
7	12	0.99
7	11	0.99
7	10	0.99
7	9	0.99
7	8	0.99
7	7	1.00
7	6	1.00
7	5	1.00
7	4	1.00
7	3	1.00
7	2	1.00
7	1	1.00
7	0	1.00
8	120	0.00
8	119	0.00
8	118	0.00
8	117	0.00
8	116	0.00
8	115	0.00
8	114	0.00
8	113	0.00
8	112	0.00
8	111	0.01
8	110	0.01
8	109	0.01
8	108	0.01
8	107	0.01
8	106	0.01
8	105	0.02
8	104	0.02
8	103	0.02
8	102	0.02
8	101	0.03
8	100	0.03
8	99	0.04
8	98	0.04
8	97	0.05
8	96	0.06
8	95	0.07
8	94	0.08
8	93	0.10
8	92	0.11
8	91	0.13
8	90	0.14
8	89	0.16
8	88	0.18
8	87	0.21
8	86	0.23
8	85	0.26
8	84	0.29
8	83	0.32
8	82	0.36
8	81	0.39
8	80	0.43
8	79	0.47
8	78	0.50
8	77	0.54
8	76	0.58
8	75	0.62
8	74	0.65
8	73	0.68
8	72	0.71
8	71	0.74
8	70	0.77
8	69	0.80
8	68	0.82
8	67	0.84
8	66	0.86
8	65	0.88
8	64	0.89
8	63	0.90
8	62	0.92
8	61	0.93
8	60	0.94
8	59	0.94
8	58	0.95
8	57	0.96
8	56	0.96
8	55	0.97
8	54	0.97
8	53	0.98
8	52	0.98
8	51	0.98
8	50	0.98
8	49	0.99
8	48	0.99
8	47	0.99
8	46	0.99
8	45	0.99
8	44	0.99
8	43	0.99
8	42	0.99
8	41	0.99
8	40	1.00
8	39	1.00
8	38	1.00
8	37	1.00
8	36	1.00
8	35	1.00
8	34	1.00
8	33	1.00
8	32	1.00
8	31	1.00
8	30	1.00
8	29	1.00
8	28	1.00
8	27	1.00
8	26	1.00
8	25	1.00
8	24	1.00
8	23	1.00
8	22	1.00
8	21	1.00
8	20	1.00
8	19	1.00
8	18	1.00
8	17	1.00
8	16	1.00
8	15	1.00
8	14	1.00
8	13	1.00
8	12	1.00
8	11	1.00
8	10	1.00
8	9	1.00
8	8	1.00
8	7	1.00
8	6	1.00
8	5	1.00
8	4	1.00
8	3	1.00
8	2	1.00
8	1	1.00
8	0	1.00
9	127	0.00
9	126	0.00
9	125	0.00
9	124	0.00
9	123	0.00
9	122	0.00
9	121	0.00
9	120	0.00
9	119	0.00
9	118	0.00
9	117	0.00
9	116	0.00
9	115	0.00
9	114	0.00
9	113	0.00
9	112	0.00
9	111	0.00
9	110	0.00
9	109	0.01
9	108	0.01
9	107	0.01
9	106	0.01
9	105	0.02
9	104	0.02
9	103	0.02
9	102	0.03
9	101	0.03
9	100	0.04
9	99	0.05
9	98	0.05
9	97	0.07
9	96	0.08
9	95	0.09
9	94	0.11
9	93	0.12
9	92	0.14
9	91	0.16
9	90	0.18
9	89	0.20
9	88	0.23
9	87	0.25
9	86	0.28
9	85	0.31
9	84	0.34
9	83	0.37
9	82	0.41
9	81	0.44
9	80	0.47
9	79	0.51
9	78	0.54
9	77	0.57
9	76	0.61
9	75	0.64
9	74	0.67
9	73	0.70
9	72	0.73
9	71	0.75
9	70	0.78
9	69	0.81
9	68	0.83
9	67	0.85
9	66	0.87
9	65	0.89
9	64	0.90
9	63	0.91
9	62	0.93
9	61	0.93
9	60	0.94
9	59	0.95
9	58	0.95
9	57	0.96
9	56	0.96
9	55	0.96
9	54	0.97
9	53	0.97
9	52	0.97
9	51	0.97
9	50	0.97
9	49	0.97
9	48	0.98
9	47	0.98
9	46	0.98
9	45	0.98
9	44	0.98
9	43	0.98
9	42	0.98
9	41	0.98
9	40	0.99
9	39	0.99
9	38	0.99
9	37	0.99
9	36	0.99
9	35	0.99
9	34	0.99
9	33	0.99
9	32	0.99
9	31	0.99
9	30	0.99
9	29	0.99
9	28	0.99
9	27	0.99
9	26	1.00
9	25	1.00
9	24	1.00
9	23	1.00
9	22	1.00
9	21	1.00
9	20	1.00
9	19	1.00
9	18	1.00
9	17	1.00
9	16	1.00
9	15	1.00
9	14	1.00
9	13	1.00
9	12	1.00
9	11	1.00
9	10	1.00
9	9	1.00
9	8	1.00
9	7	1.00
9	6	1.00
9	5	1.00
9	4	1.00
9	3	1.00
9	2	1.00
9	1	1.00
9	0	1.00
10	122	0.00
10	121	0.00
10	120	0.00
10	119	0.00
10	118	0.00
10	117	0.00
10	116	0.00
10	115	0.00
10	114	0.00
10	113	0.01
10	112	0.01
10	111	0.01
10	110	0.01
10	109	0.02
10	108	0.02
10	107	0.02
10	106	0.02
10	105	0.03
10	104	0.03
10	103	0.04
10	102	0.04
10	101	0.05
10	100	0.06
10	99	0.07
10	98	0.08
10	97	0.09
10	96	0.10
10	95	0.12
10	94	0.13
10	93	0.15
10	92	0.17
10	91	0.19
10	90	0.21
10	89	0.23
10	88	0.26
10	87	0.29
10	86	0.33
10	85	0.36
10	84	0.39
10	83	0.42
10	82	0.45
10	81	0.49
10	80	0.52
10	79	0.55
10	78	0.59
10	77	0.62
10	76	0.65
10	75	0.69
10	74	0.72
10	73	0.75
10	72	0.78
10	71	0.80
10	70	0.82
10	69	0.84
10	68	0.86
10	67	0.88
10	66	0.89
10	65	0.91
10	64	0.92
10	63	0.94
10	62	0.95
10	61	0.96
10	60	0.97
10	59	0.98
10	58	0.98
10	57	0.98
10	56	0.99
10	55	0.99
10	54	0.99
10	53	0.99
10	52	0.99
10	51	0.99
10	50	0.99
10	49	0.99
10	48	0.99
10	47	1.00
10	46	1.00
10	45	1.00
10	44	1.00
10	43	1.00
10	42	1.00
10	41	1.00
10	40	1.00
10	39	1.00
10	38	1.00
10	37	1.00
10	36	1.00
10	35	1.00
10	34	1.00
10	33	1.00
10	32	1.00
10	31	1.00
10	30	1.00
10	29	1.00
10	28	1.00
10	27	1.00
10	26	1.00
10	25	1.00
10	24	1.00
10	23	1.00
10	22	1.00
10	21	1.00
10	20	1.00
10	19	1.00
10	18	1.00
10	17	1.00
10	16	1.00
10	15	1.00
10	14	1.00
10	13	1.00
10	12	1.00
10	11	1.00
10	10	1.00
10	9	1.00
10	8	1.00
10	7	1.00
10	6	1.00
10	5	1.00
10	4	1.00
10	3	1.00
10	2	1.00
10	1	1.00
10	0	1.00
11	121	0.00
11	120	0.00
11	119	0.00
11	118	0.00
11	117	0.00
11	116	0.00
11	115	0.00
11	114	0.00
11	113	0.00
11	112	0.00
11	111	0.00
11	110	0.00
11	109	0.00
11	108	0.00
11	107	0.01
11	106	0.01
11	105	0.01
11	104	0.01
11	103	0.01
11	102	0.01
11	101	0.02
11	100	0.02
11	99	0.03
11	98	0.03
11	97	0.04
11	96	0.05
11	95	0.05
11	94	0.07
11	93	0.08
11	92	0.09
11	91	0.11
11	90	0.13
11	89	0.15
11	88	0.17
11	87	0.19
11	86	0.22
11	85	0.25
11	84	0.28
11	83	0.31
11	82	0.35
11	81	0.39
11	80	0.42
11	79	0.46
11	78	0.50
11	77	0.54
11	76	0.58
11	75	0.62
11	74	0.65
11	73	0.69
11	72	0.72
11	71	0.75
11	70	0.78
11	69	0.80
11	68	0.82
11	67	0.84
11	66	0.86
11	65	0.88
11	64	0.89
11	63	0.90
11	62	0.92
11	61	0.93
11	60	0.93
11	59	0.94
11	58	0.95
11	57	0.95
11	56	0.96
11	55	0.96
11	54	0.96
11	53	0.96
11	52	0.97
11	51	0.97
11	50	0.97
11	49	0.97
11	48	0.97
11	47	0.97
11	46	0.97
11	45	0.98
11	44	0.98
11	43	0.98
11	42	0.98
11	41	0.98
11	40	0.98
11	39	0.99
11	38	0.99
11	37	0.99
11	36	0.99
11	35	0.99
11	34	0.99
11	33	0.99
11	32	0.99
11	31	0.99
11	30	0.99
11	29	1.00
11	28	1.00
11	27	1.00
11	26	1.00
11	25	1.00
11	24	1.00
11	23	1.00
11	22	1.00
11	21	1.00
11	20	1.00
11	19	1.00
11	18	1.00
11	17	1.00
11	16	1.00
11	15	1.00
11	14	1.00
11	13	1.00
11	12	1.00
11	11	1.00
11	10	1.00
11	9	1.00
11	8	1.00
11	7	1.00
11	6	1.00
11	5	1.00
11	4	1.00
11	3	1.00
11	2	1.00
11	1	1.00
11	0	1.00
12	120	0.00
12	119	0.00
12	118	0.00
12	117	0.00
12	116	0.00
12	115	0.00
12	114	0.00
12	113	0.00
12	112	0.00
12	111	0.00
12	110	0.00
12	109	0.00
12	108	0.00
12	107	0.01
12	106	0.01
12	105	0.01
12	104	0.01
12	103	0.01
12	102	0.02
12	101	0.02
12	100	0.03
12	99	0.03
12	98	0.04
12	97	0.05
12	96	0.06
12	95	0.07
12	94	0.08
12	93	0.09
12	92	0.11
12	91	0.13
12	90	0.15
12	89	0.17
12	88	0.19
12	87	0.22
12	86	0.25
12	85	0.28
12	84	0.31
12	83	0.34
12	82	0.37
12	81	0.41
12	80	0.44
12	79	0.48
12	78	0.52
12	77	0.56
12	76	0.59
12	75	0.63
12	74	0.66
12	73	0.70
12	72	0.73
12	71	0.76
12	70	0.79
12	69	0.81
12	68	0.84
12	67	0.86
12	66	0.87
12	65	0.89
12	64	0.90
12	63	0.91
12	62	0.93
12	61	0.93
12	60	0.94
12	59	0.95
12	58	0.96
12	57	0.96
12	56	0.97
12	55	0.97
12	54	0.98
12	53	0.98
12	52	0.98
12	51	0.98
12	50	0.98
12	49	0.99
12	48	0.99
12	47	0.99
12	46	0.99
12	45	0.99
12	44	0.99
12	43	0.99
12	42	0.99
12	41	0.99
12	40	0.99
12	39	1.00
12	38	1.00
12	37	1.00
12	36	1.00
12	35	1.00
12	34	1.00
12	33	1.00
12	32	1.00
12	31	1.00
12	30	1.00
12	29	1.00
12	28	1.00
12	27	1.00
12	26	1.00
12	25	1.00
12	24	1.00
12	23	1.00
12	22	1.00
12	21	1.00
12	20	1.00
12	19	1.00
12	18	1.00
12	17	1.00
12	16	1.00
12	15	1.00
12	14	1.00
12	13	1.00
12	12	1.00
12	11	1.00
12	10	1.00
12	9	1.00
12	8	1.00
12	7	1.00
12	6	1.00
12	5	1.00
12	4	1.00
12	3	1.00
12	2	1.00
12	1	1.00
12	0	1.00
13	113	0.00
13	112	0.00
13	111	0.00
13	110	0.00
13	109	0.00
13	108	0.00
13	107	0.00
13	106	0.00
13	105	0.01
13	104	0.01
13	103	0.01
13	102	0.01
13	101	0.01
13	100	0.02
13	99	0.02
13	98	0.03
13	97	0.04
13	96	0.04
13	95	0.05
13	94	0.06
13	93	0.08
13	92	0.09
13	91	0.11
13	90	0.13
13	89	0.15
13	88	0.17
13	87	0.20
13	86	0.23
13	85	0.26
13	84	0.29
13	83	0.32
13	82	0.35
13	81	0.39
13	80	0.42
13	79	0.46
13	78	0.50
13	77	0.54
13	76	0.58
13	75	0.61
13	74	0.65
13	73	0.68
13	72	0.71
13	71	0.74
13	70	0.76
13	69	0.78
13	68	0.80
13	67	0.82
13	66	0.83
13	65	0.85
13	64	0.86
13	63	0.87
13	62	0.88
13	61	0.89
13	60	0.90
13	59	0.90
13	58	0.91
13	57	0.91
13	56	0.91
13	55	0.92
13	54	0.92
13	53	0.92
13	52	0.93
13	51	0.93
13	50	0.93
13	49	0.93
13	48	0.94
13	47	0.94
13	46	0.94
13	45	0.94
13	44	0.94
13	43	0.94
13	42	0.94
13	41	0.94
13	40	0.95
13	39	0.95
13	38	0.95
13	37	0.95
13	36	0.95
13	35	0.95
13	34	0.95
13	33	0.95
13	32	0.95
13	31	0.96
13	30	0.96
13	29	0.96
13	28	0.96
13	27	0.96
13	26	0.96
13	25	0.96
13	24	0.96
13	23	0.96
13	22	0.97
13	21	0.97
13	20	0.97
13	19	0.97
13	18	0.97
13	17	0.98
13	16	0.98
13	15	0.98
13	14	0.99
13	13	0.99
13	12	0.99
13	11	0.99
13	10	0.99
13	9	0.99
13	8	0.99
13	7	1.00
13	6	1.00
13	5	1.00
13	4	1.00
13	3	1.00
13	2	1.00
13	1	1.00
13	0	1.00
14	125	0.00
14	124	0.00
14	123	0.00
14	122	0.00
14	121	0.00
14	120	0.00
14	119	0.00
14	118	0.00
14	117	0.00
14	116	0.00
14	115	0.01
14	114	0.01
14	113	0.01
14	112	0.01
14	111	0.01
14	110	0.01
14	109	0.01
14	108	0.01
14	107	0.02
14	106	0.02
14	105	0.02
14	104	0.02
14	103	0.02
14	102	0.03
14	101	0.03
14	100	0.04
14	99	0.04
14	98	0.05
14	97	0.06
14	96	0.06
14	95	0.08
14	94	0.09
14	93	0.10
14	92	0.12
14	91	0.13
14	90	0.16
14	89	0.18
14	88	0.20
14	87	0.22
14	86	0.25
14	85	0.28
14	84	0.30
14	83	0.33
14	82	0.36
14	81	0.39
14	80	0.42
14	79	0.46
14	78	0.49
14	77	0.53
14	76	0.58
14	75	0.61
14	74	0.66
14	73	0.70
14	72	0.73
14	71	0.77
14	70	0.80
14	69	0.83
14	68	0.85
14	67	0.87
14	66	0.89
14	65	0.91
14	64	0.93
14	63	0.94
14	62	0.95
14	61	0.96
14	60	0.97
14	59	0.98
14	58	0.98
14	57	0.99
14	56	0.99
14	55	0.99
14	54	0.99
14	53	1.00
14	52	1.00
14	51	1.00
14	50	1.00
14	49	1.00
14	48	1.00
14	47	1.00
14	46	1.00
14	45	1.00
14	44	1.00
14	43	1.00
14	42	1.00
14	41	1.00
14	40	1.00
14	39	1.00
14	38	1.00
14	37	1.00
14	36	1.00
14	35	1.00
14	34	1.00
14	33	1.00
14	32	1.00
14	31	1.00
14	30	1.00
14	29	1.00
14	28	1.00
14	27	1.00
14	26	1.00
14	25	1.00
14	24	1.00
14	23	1.00
14	22	1.00
14	21	1.00
14	20	1.00
14	19	1.00
14	18	1.00
14	17	1.00
14	16	1.00
14	15	1.00
14	14	1.00
14	13	1.00
14	12	1.00
14	11	1.00
14	10	1.00
14	9	1.00
14	8	1.00
14	7	1.00
14	6	1.00
14	5	1.00
14	4	1.00
14	3	1.00
14	2	1.00
14	1	1.00
14	0	1.00
15	119	0.00
15	118	0.00
15	117	0.00
15	116	0.00
15	115	0.00
15	114	0.00
15	113	0.00
15	112	0.00
15	111	0.00
15	110	0.00
15	109	0.00
15	108	0.00
15	107	0.00
15	106	0.01
15	105	0.01
15	104	0.01
15	103	0.01
15	102	0.02
15	101	0.02
15	100	0.02
15	99	0.03
15	98	0.03
15	97	0.04
15	96	0.05
15	95	0.06
15	94	0.07
15	93	0.08
15	92	0.09
15	91	0.11
15	90	0.13
15	89	0.15
15	88	0.17
15	87	0.19
15	86	0.22
15	85	0.25
15	84	0.28
15	83	0.31
15	82	0.35
15	81	0.38
15	80	0.42
15	79	0.46
15	78	0.50
15	77	0.54
15	76	0.57
15	75	0.61
15	74	0.65
15	73	0.69
15	72	0.72
15	71	0.75
15	70	0.78
15	69	0.81
15	68	0.83
15	67	0.85
15	66	0.87
15	65	0.89
15	64	0.91
15	63	0.92
15	62	0.94
15	61	0.95
15	60	0.95
15	59	0.96
15	58	0.97
15	57	0.97
15	56	0.98
15	55	0.98
15	54	0.98
15	53	0.99
15	52	0.99
15	51	0.99
15	50	0.99
15	49	0.99
15	48	0.99
15	47	0.99
15	46	0.99
15	45	0.99
15	44	0.99
15	43	1.00
15	42	1.00
15	41	1.00
15	40	1.00
15	39	1.00
15	38	1.00
15	37	1.00
15	36	1.00
15	35	1.00
15	34	1.00
15	33	1.00
15	32	1.00
15	31	1.00
15	30	1.00
15	29	1.00
15	28	1.00
15	27	1.00
15	26	1.00
15	25	1.00
15	24	1.00
15	23	1.00
15	22	1.00
15	21	1.00
15	20	1.00
15	19	1.00
15	18	1.00
15	17	1.00
15	16	1.00
15	15	1.00
15	14	1.00
15	13	1.00
15	12	1.00
15	11	1.00
15	10	1.00
15	9	1.00
15	8	1.00
15	7	1.00
15	6	1.00
15	5	1.00
15	4	1.00
15	3	1.00
15	2	1.00
15	1	1.00
15	0	1.00
16	122	0.00
16	121	0.00
16	120	0.00
16	119	0.00
16	118	0.00
16	117	0.00
16	116	0.00
16	115	0.00
16	114	0.00
16	113	0.00
16	112	0.01
16	111	0.01
16	110	0.01
16	109	0.01
16	108	0.01
16	107	0.01
16	106	0.02
16	105	0.02
16	104	0.03
16	103	0.03
16	102	0.04
16	101	0.05
16	100	0.05
16	99	0.06
16	98	0.07
16	97	0.08
16	96	0.09
16	95	0.11
16	94	0.12
16	93	0.14
16	92	0.16
16	91	0.18
16	90	0.20
16	89	0.22
16	88	0.24
16	87	0.27
16	86	0.30
16	85	0.33
16	84	0.36
16	83	0.39
16	82	0.42
16	81	0.45
16	80	0.48
16	79	0.51
16	78	0.54
16	77	0.58
16	76	0.61
16	75	0.64
16	74	0.68
16	73	0.71
16	72	0.74
16	71	0.76
16	70	0.79
16	69	0.81
16	68	0.84
16	67	0.86
16	66	0.87
16	65	0.89
16	64	0.90
16	63	0.92
16	62	0.93
16	61	0.94
16	60	0.95
16	59	0.95
16	58	0.96
16	57	0.96
16	56	0.97
16	55	0.97
16	54	0.97
16	53	0.98
16	52	0.98
16	51	0.98
16	50	0.98
16	49	0.98
16	48	0.99
16	47	0.99
16	46	0.99
16	45	0.99
16	44	0.99
16	43	0.99
16	42	0.99
16	41	0.99
16	40	0.99
16	39	0.99
16	38	0.99
16	37	0.99
16	36	0.99
16	35	0.99
16	34	0.99
16	33	1.00
16	32	1.00
16	31	1.00
16	30	1.00
16	29	1.00
16	28	1.00
16	27	1.00
16	26	1.00
16	25	1.00
16	24	1.00
16	23	1.00
16	22	1.00
16	21	1.00
16	20	1.00
16	19	1.00
16	18	1.00
16	17	1.00
16	16	1.00
16	15	1.00
16	14	1.00
16	13	1.00
16	12	1.00
16	11	1.00
16	10	1.00
16	9	1.00
16	8	1.00
16	7	1.00
16	6	1.00
16	5	1.00
16	4	1.00
16	3	1.00
16	2	1.00
16	1	1.00
16	0	1.00
17	123	0.00
17	122	0.00
17	121	0.00
17	120	0.00
17	119	0.00
17	118	0.00
17	117	0.00
17	116	0.00
17	115	0.00
17	114	0.00
17	113	0.00
17	112	0.00
17	111	0.00
17	110	0.00
17	109	0.00
17	108	0.00
17	107	0.01
17	106	0.01
17	105	0.01
17	104	0.01
17	103	0.02
17	102	0.02
17	101	0.02
17	100	0.03
17	99	0.04
17	98	0.04
17	97	0.05
17	96	0.06
17	95	0.07
17	94	0.08
17	93	0.09
17	92	0.11
17	91	0.13
17	90	0.15
17	89	0.17
17	88	0.20
17	87	0.22
17	86	0.25
17	85	0.28
17	84	0.31
17	83	0.35
17	82	0.38
17	81	0.42
17	80	0.46
17	79	0.49
17	78	0.53
17	77	0.57
17	76	0.61
17	75	0.65
17	74	0.68
17	73	0.71
17	72	0.75
17	71	0.77
17	70	0.80
17	69	0.83
17	68	0.85
17	67	0.87
17	66	0.89
17	65	0.91
17	64	0.92
17	63	0.93
17	62	0.94
17	61	0.95
17	60	0.95
17	59	0.96
17	58	0.96
17	57	0.97
17	56	0.97
17	55	0.97
17	54	0.98
17	53	0.98
17	52	0.98
17	51	0.98
17	50	0.98
17	49	0.99
17	48	0.99
17	47	0.99
17	46	0.99
17	45	0.99
17	44	0.99
17	43	0.99
17	42	0.99
17	41	0.99
17	40	1.00
17	39	1.00
17	38	1.00
17	37	1.00
17	36	1.00
17	35	1.00
17	34	1.00
17	33	1.00
17	32	1.00
17	31	1.00
17	30	1.00
17	29	1.00
17	28	1.00
17	27	1.00
17	26	1.00
17	25	1.00
17	24	1.00
17	23	1.00
17	22	1.00
17	21	1.00
17	20	1.00
17	19	1.00
17	18	1.00
17	17	1.00
17	16	1.00
17	15	1.00
17	14	1.00
17	13	1.00
17	12	1.00
17	11	1.00
17	10	1.00
17	9	1.00
17	8	1.00
17	7	1.00
17	6	1.00
17	5	1.00
17	4	1.00
17	3	1.00
17	2	1.00
17	1	1.00
17	0	1.00
18	114	0.00
18	113	0.00
18	112	0.00
18	111	0.00
18	110	0.00
18	109	0.00
18	108	0.00
18	107	0.00
18	106	0.01
18	105	0.01
18	104	0.01
18	103	0.01
18	102	0.01
18	101	0.02
18	100	0.02
18	99	0.02
18	98	0.03
18	97	0.03
18	96	0.04
18	95	0.05
18	94	0.06
18	93	0.07
18	92	0.09
18	91	0.10
18	90	0.12
18	89	0.14
18	88	0.16
18	87	0.18
18	86	0.20
18	85	0.23
18	84	0.26
18	83	0.29
18	82	0.32
18	81	0.35
18	80	0.39
18	79	0.42
18	78	0.46
18	77	0.49
18	76	0.52
18	75	0.56
18	74	0.59
18	73	0.62
18	72	0.65
18	71	0.68
18	70	0.70
18	69	0.73
18	68	0.75
18	67	0.78
18	66	0.80
18	65	0.81
18	64	0.83
18	63	0.84
18	62	0.85
18	61	0.86
18	60	0.87
18	59	0.88
18	58	0.89
18	57	0.89
18	56	0.90
18	55	0.91
18	54	0.91
18	53	0.91
18	52	0.92
18	51	0.92
18	50	0.92
18	49	0.93
18	48	0.93
18	47	0.93
18	46	0.93
18	45	0.93
18	44	0.94
18	43	0.94
18	42	0.94
18	41	0.94
18	40	0.94
18	39	0.94
18	38	0.94
18	37	0.95
18	36	0.95
18	35	0.95
18	34	0.95
18	33	0.95
18	32	0.95
18	31	0.95
18	30	0.95
18	29	0.96
18	28	0.96
18	27	0.96
18	26	0.96
18	25	0.96
18	24	0.97
18	23	0.97
18	22	0.98
18	21	0.98
18	20	0.98
18	19	0.98
18	18	0.99
18	17	0.99
18	16	0.99
18	15	0.99
18	14	0.99
18	13	0.99
18	12	0.99
18	11	1.00
18	10	1.00
18	9	1.00
18	8	1.00
18	7	1.00
18	6	1.00
18	5	1.00
18	4	1.00
18	3	1.00
18	2	1.00
18	1	1.00
18	0	1.00
19	121	0.00
19	120	0.00
19	119	0.00
19	118	0.00
19	117	0.00
19	116	0.00
19	115	0.00
19	114	0.00
19	113	0.00
19	112	0.01
19	111	0.01
19	110	0.01
19	109	0.01
19	108	0.01
19	107	0.02
19	106	0.02
19	105	0.03
19	104	0.03
19	103	0.04
19	102	0.05
19	101	0.06
19	100	0.07
19	99	0.08
19	98	0.09
19	97	0.10
19	96	0.11
19	95	0.12
19	94	0.14
19	93	0.15
19	92	0.17
19	91	0.19
19	90	0.21
19	89	0.24
19	88	0.26
19	87	0.28
19	86	0.31
19	85	0.34
19	84	0.36
19	83	0.39
19	82	0.42
19	81	0.45
19	80	0.48
19	79	0.51
19	78	0.54
19	77	0.57
19	76	0.60
19	75	0.63
19	74	0.65
19	73	0.68
19	72	0.70
19	71	0.73
19	70	0.75
19	69	0.77
19	68	0.79
19	67	0.81
19	66	0.83
19	65	0.84
19	64	0.86
19	63	0.87
19	62	0.88
19	61	0.89
19	60	0.90
19	59	0.91
19	58	0.91
19	57	0.92
19	56	0.92
19	55	0.93
19	54	0.93
19	53	0.93
19	52	0.94
19	51	0.94
19	50	0.94
19	49	0.94
19	48	0.95
19	47	0.95
19	46	0.95
19	45	0.95
19	44	0.95
19	43	0.96
19	42	0.96
19	41	0.96
19	40	0.96
19	39	0.97
19	38	0.97
19	37	0.97
19	36	0.97
19	35	0.97
19	34	0.97
19	33	0.98
19	32	0.98
19	31	0.98
19	30	0.98
19	29	0.98
19	28	0.98
19	27	0.98
19	26	0.98
19	25	0.98
19	24	0.99
19	23	0.99
19	22	0.99
19	21	0.99
19	20	0.99
19	19	0.99
19	18	0.99
19	17	0.99
19	16	0.99
19	15	0.99
19	14	0.99
19	13	0.99
19	12	0.99
19	11	0.99
19	10	0.99
19	9	1.00
19	8	1.00
19	7	1.00
19	6	1.00
19	5	1.00
19	4	1.00
19	3	1.00
19	2	1.00
19	1	1.00
19	0	1.00
20	116	0.00
20	115	0.00
20	114	0.00
20	113	0.00
20	112	0.00
20	111	0.00
20	110	0.01
20	109	0.01
20	108	0.01
20	107	0.01
20	106	0.02
20	105	0.02
20	104	0.03
20	103	0.03
20	102	0.04
20	101	0.05
20	100	0.05
20	99	0.06
20	98	0.07
20	97	0.09
20	96	0.10
20	95	0.11
20	94	0.13
20	93	0.14
20	92	0.16
20	91	0.18
20	90	0.20
20	89	0.22
20	88	0.25
20	87	0.28
20	86	0.30
20	85	0.33
20	84	0.36
20	83	0.38
20	82	0.42
20	81	0.45
20	80	0.48
20	79	0.52
20	78	0.55
20	77	0.58
20	76	0.62
20	75	0.65
20	74	0.68
20	73	0.72
20	72	0.74
20	71	0.77
20	70	0.79
20	69	0.82
20	68	0.84
20	67	0.85
20	66	0.87
20	65	0.89
20	64	0.90
20	63	0.91
20	62	0.92
20	61	0.93
20	60	0.94
20	59	0.95
20	58	0.96
20	57	0.97
20	56	0.97
20	55	0.97
20	54	0.98
20	53	0.98
20	52	0.98
20	51	0.98
20	50	0.98
20	49	0.99
20	48	0.99
20	47	0.99
20	46	0.99
20	45	0.99
20	44	0.99
20	43	0.99
20	42	0.99
20	41	0.99
20	40	0.99
20	39	0.99
20	38	0.99
20	37	0.99
20	36	0.99
20	35	0.99
20	34	0.99
20	33	0.99
20	32	0.99
20	31	0.99
20	30	0.99
20	29	0.99
20	28	0.99
20	27	0.99
20	26	0.99
20	25	0.99
20	24	0.99
20	23	0.99
20	22	0.99
20	21	0.99
20	20	0.99
20	19	0.99
20	18	0.99
20	17	0.99
20	16	0.99
20	15	0.99
20	14	0.99
20	13	0.99
20	12	0.99
20	11	0.99
20	10	0.99
20	9	0.99
20	8	0.99
20	7	0.99
20	6	0.99
20	5	0.99
20	4	0.99
20	3	0.99
20	2	0.99
20	1	1.00
20	0	1.00
21	152	0.00
21	151	0.00
21	150	0.00
21	149	0.00
21	148	0.00
21	147	0.00
21	146	0.00
21	145	0.00
21	144	0.00
21	143	0.00
21	142	0.00
21	141	0.00
21	140	0.00
21	139	0.00
21	138	0.00
21	137	0.00
21	136	0.00
21	135	0.00
21	134	0.00
21	133	0.00
21	132	0.00
21	131	0.00
21	130	0.00
21	129	0.00
21	128	0.00
21	127	0.00
21	126	0.00
21	125	0.00
21	124	0.00
21	123	0.00
21	122	0.00
21	121	0.00
21	120	0.00
21	119	0.00
21	118	0.00
21	117	0.00
21	116	0.00
21	115	0.00
21	114	0.00
21	113	0.00
21	112	0.00
21	111	0.00
21	110	0.00
21	109	0.00
21	108	0.01
21	107	0.01
21	106	0.01
21	105	0.01
21	104	0.01
21	103	0.02
21	102	0.02
21	101	0.02
21	100	0.03
21	99	0.04
21	98	0.05
21	97	0.06
21	96	0.07
21	95	0.08
21	94	0.09
21	93	0.11
21	92	0.12
21	91	0.14
21	90	0.16
21	89	0.18
21	88	0.21
21	87	0.24
21	86	0.27
21	85	0.30
21	84	0.34
21	83	0.37
21	82	0.41
21	81	0.44
21	80	0.48
21	79	0.52
21	78	0.56
21	77	0.59
21	76	0.63
21	75	0.67
21	74	0.70
21	73	0.74
21	72	0.77
21	71	0.80
21	70	0.83
21	69	0.85
21	68	0.87
21	67	0.89
21	66	0.91
21	65	0.92
21	64	0.93
21	63	0.95
21	62	0.95
21	61	0.96
21	60	0.97
21	59	0.97
21	58	0.98
21	57	0.98
21	56	0.99
21	55	0.99
21	54	0.99
21	53	0.99
21	52	0.99
21	51	0.99
21	50	0.99
21	49	0.99
21	48	0.99
21	47	0.99
21	46	1.00
21	45	1.00
21	44	1.00
21	43	1.00
21	42	1.00
21	41	1.00
21	40	1.00
21	39	1.00
21	38	1.00
21	37	1.00
21	36	1.00
21	35	1.00
21	34	1.00
21	33	1.00
21	32	1.00
21	31	1.00
21	30	1.00
21	29	1.00
21	28	1.00
21	27	1.00
21	26	1.00
21	25	1.00
21	24	1.00
21	23	1.00
21	22	1.00
21	21	1.00
21	20	1.00
21	19	1.00
21	18	1.00
21	17	1.00
21	16	1.00
21	15	1.00
21	14	1.00
21	13	1.00
21	12	1.00
21	11	1.00
21	10	1.00
21	9	1.00
21	8	1.00
21	7	1.00
21	6	1.00
21	5	1.00
21	4	1.00
21	3	1.00
21	2	1.00
21	1	1.00
21	0	1.00
22	199	0.00
22	198	0.00
22	197	0.00
22	196	0.00
22	195	0.00
22	194	0.00
22	193	0.00
22	192	0.00
22	191	0.00
22	190	0.00
22	189	0.00
22	188	0.00
22	187	0.00
22	186	0.00
22	185	0.00
22	184	0.00
22	183	0.00
22	182	0.00
22	181	0.00
22	180	0.00
22	179	0.00
22	178	0.00
22	177	0.00
22	176	0.00
22	175	0.00
22	174	0.00
22	173	0.00
22	172	0.00
22	171	0.00
22	170	0.00
22	169	0.00
22	168	0.00
22	167	0.00
22	166	0.00
22	165	0.00
22	164	0.00
22	163	0.00
22	162	0.00
22	161	0.00
22	160	0.00
22	159	0.00
22	158	0.00
22	157	0.00
22	156	0.00
22	155	0.00
22	154	0.00
22	153	0.00
22	152	0.00
22	151	0.00
22	150	0.00
22	149	0.00
22	148	0.00
22	147	0.00
22	146	0.00
22	145	0.00
22	144	0.00
22	143	0.00
22	142	0.00
22	141	0.00
22	140	0.00
22	139	0.00
22	138	0.00
22	137	0.00
22	136	0.00
22	135	0.00
22	134	0.00
22	133	0.00
22	132	0.00
22	131	0.01
22	130	0.01
22	129	0.01
22	128	0.01
22	127	0.01
22	126	0.01
22	125	0.01
22	124	0.01
22	123	0.01
22	122	0.01
22	121	0.01
22	120	0.01
22	119	0.01
22	118	0.01
22	117	0.01
22	116	0.01
22	115	0.01
22	114	0.02
22	113	0.02
22	112	0.02
22	111	0.02
22	110	0.02
22	109	0.02
22	108	0.02
22	107	0.02
22	106	0.03
22	105	0.03
22	104	0.03
22	103	0.04
22	102	0.04
22	101	0.05
22	100	0.05
22	99	0.06
22	98	0.07
22	97	0.08
22	96	0.09
22	95	0.10
22	94	0.11
22	93	0.13
22	92	0.14
22	91	0.16
22	90	0.18
22	89	0.20
22	88	0.23
22	87	0.25
22	86	0.28
22	85	0.32
22	84	0.35
22	83	0.39
22	82	0.42
22	81	0.45
22	80	0.49
22	79	0.52
22	78	0.55
22	77	0.58
22	76	0.61
22	75	0.64
22	74	0.67
22	73	0.70
22	72	0.72
22	71	0.75
22	70	0.77
22	69	0.79
22	68	0.81
22	67	0.82
22	66	0.84
22	65	0.85
22	64	0.86
22	63	0.87
22	62	0.88
22	61	0.89
22	60	0.90
22	59	0.91
22	58	0.92
22	57	0.92
22	56	0.93
22	55	0.93
22	54	0.94
22	53	0.94
22	52	0.94
22	51	0.95
22	50	0.95
22	49	0.95
22	48	0.95
22	47	0.96
22	46	0.96
22	45	0.96
22	44	0.96
22	43	0.96
22	42	0.97
22	41	0.97
22	40	0.97
22	39	0.97
22	38	0.97
22	37	0.97
22	36	0.98
22	35	0.98
22	34	0.98
22	33	0.98
22	32	0.98
22	31	0.98
22	30	0.98
22	29	0.98
22	28	0.98
22	27	0.98
22	26	0.98
22	25	0.99
22	24	0.99
22	23	0.99
22	22	0.99
22	21	0.99
22	20	0.99
22	19	0.99
22	18	0.99
22	17	0.99
22	16	0.99
22	15	0.99
22	14	0.99
22	13	0.99
22	12	0.99
22	11	0.99
22	10	0.99
22	9	0.99
22	8	1.00
22	7	1.00
22	6	1.00
22	5	1.00
22	4	1.00
22	3	1.00
22	2	1.00
22	1	1.00
22	0	1.00
X	97	0.00
X	96	0.00
X	95	0.00
X	94	0.00
X	93	0.00
X	92	0.00
X	91	0.00
X	90	0.00
X	89	0.00
X	88	0.00
X	87	0.00
X	86	0.00
X	85	0.00
X	84	0.00
X	83	0.00
X	82	0.00
X	81	0.00
X	80	0.00
X	79	0.00
X	78	0.00
X	77	0.00
X	76	0.00
X	75	0.01
X	74	0.01
X	73	0.01
X	72	0.01
X	71	0.01
X	70	0.01
X	69	0.01
X	68	0.01
X	67	0.01
X	66	0.01
X	65	0.01
X	64	0.01
X	63	0.01
X	62	0.01
X	61	0.01
X	60	0.01
X	59	0.01
X	58	0.02
X	57	0.02
X	56	0.02
X	55	0.03
X	54	0.03
X	53	0.04
X	52	0.05
X	51	0.06
X	50	0.07
X	49	0.09
X	48	0.11
X	47	0.14
X	46	0.17
X	45	0.20
X	44	0.24
X	43	0.29
X	42	0.34
X	41	0.39
X	40	0.44
X	39	0.50
X	38	0.55
X	37	0.62
X	36	0.67
X	35	0.73
X	34	0.78
X	33	0.81
X	32	0.85
X	31	0.88
X	30	0.91
X	29	0.93
X	28	0.95
X	27	0.96
X	26	0.97
X	25	0.98
X	24	0.98
X	23	0.99
X	22	0.99
X	21	0.99
X	20	0.99
X	19	0.99
X	18	1.00
X	17	1.00
X	16	1.00
X	15	1.00
X	14	1.00
X	13	1.00
X	12	1.00
X	11	1.00
X	10	1.00
X	9	1.00
X	8	1.00
X	7	1.00
X	6	1.00
X	5	1.00
X	4	1.00
X	3	1.00
X	2	1.00
X	1	1.00
X	0	1.00
Y	49	0.00
Y	48	0.01
Y	47	0.01
Y	46	0.03
Y	45	0.04
Y	44	0.05
Y	43	0.07
Y	42	0.09
Y	41	0.11
Y	40	0.12
Y	39	0.15
Y	38	0.16
Y	37	0.21
Y	36	0.23
Y	35	0.25
Y	34	0.27
Y	33	0.28
Y	32	0.28
Y	31	0.28
Y	30	0.28
Y	29	0.28
Y	28	0.28
Y	27	0.28
Y	26	0.28
Y	25	0.28
Y	24	0.28
Y	23	0.28
Y	22	0.28
Y	21	0.28
Y	20	0.28
Y	19	0.28
Y	18	0.28
Y	17	0.28
Y	16	0.28
Y	15	0.28
Y	14	0.28
Y	13	0.28
Y	12	0.28
Y	11	0.28
Y	10	0.28
Y	9	0.28
Y	8	0.28
Y	7	0.28
Y	6	0.28
Y	5	0.28
Y	4	0.28
Y	3	0.28
Y	2	0.28
Y	1	0.28
Y	0	1.00
total	250	0.00
total	249	0.00
total	248	0.00
total	247	0.00
total	246	0.00
total	245	0.00
total	244	0.00
total	243	0.00
total	242	0.00
total	241	0.00
total	240	0.00
total	239	0.00
total	238	0.00
total	237	0.00
total	236	0.00
total	235	0.00
total	234	0.00
total	233	0.00
total	232	0.00
total	231	0.00
total	230	0.00
total	229	0.00
total	228	0.00
total	227	0.00
total	226	0.00
total	225	0.00
total	224	0.00
total	223	0.00
total	222	0.00
total	221	0.00
total	220	0.00
total	219	0.00
total	218	0.00
total	217	0.00
total	216	0.00
total	215	0.00
total	214	0.00
total	213	0.00
total	212	0.00
total	211	0.00
total	210	0.00
total	209	0.00
total	208	0.00
total	207	0.00
total	206	0.00
total	205	0.00
total	204	0.00
total	203	0.00
total	202	0.00
total	201	0.00
total	200	0.00
total	199	0.00
total	198	0.00
total	197	0.00
total	196	0.00
total	195	0.00
total	194	0.00
total	193	0.00
total	192	0.00
total	191	0.00
total	190	0.00
total	189	0.00
total	188	0.00
total	187	0.00
total	186	0.00
total	185	0.00
total	184	0.00
total	183	0.00
total	182	0.00
total	181	0.00
total	180	0.00
total	179	0.00
total	178	0.00
total	177	0.00
total	176	0.00
total	175	0.00
total	174	0.00
total	173	0.00
total	172	0.00
total	171	0.00
total	170	0.00
total	169	0.00
total	168	0.00
total	167	0.00
total	166	0.00
total	165	0.00
total	164	0.00
total	163	0.00
total	162	0.00
total	161	0.00
total	160	0.00
total	159	0.00
total	158	0.00
total	157	0.00
total	156	0.00
total	155	0.00
total	154	0.00
total	153	0.00
total	152	0.00
total	151	0.00
total	150	0.00
total	149	0.00
total	148	0.00
total	147	0.00
total	146	0.00
total	145	0.00
total	144	0.00
total	143	0.00
total	142	0.00
total	141	0.00
total	140	0.00
total	139	0.00
total	138	0.00
total	137	0.00
total	136	0.00
total	135	0.00
total	134	0.00
total	133	0.00
total	132	0.00
total	131	0.00
total	130	0.00
total	129	0.00
total	128	0.00
total	127	0.00
total	126	0.00
total	125	0.00
total	124	0.00
total	123	0.00
total	122	0.00
total	121	0.00
total	120	0.00
total	119	0.00
total	118	0.00
total	117	0.00
total	116	0.00
total	115	0.00
total	114	0.00
total	113	0.01
total	112	0.01
total	111	0.01
total	110	0.01
total	109	0.01
total	108	0.01
total	107	0.01
total	106	0.02
total	105	0.02
total	104	0.02
total	103	0.03
total	102	0.03
total	101	0.03
total	100	0.04
total	99	0.05
total	98	0.05
total	97	0.06
total	96	0.07
total	95	0.08
total	94	0.10
total	93	0.11
total	92	0.12
total	91	0.14
total	90	0.16
total	89	0.18
total	88	0.20
total	87	0.22
total	86	0.25
total	85	0.28
total	84	0.30
total	83	0.33
total	82	0.36
total	81	0.39
total	80	0.43
total	79	0.46
total	78	0.49
total	77	0.53
total	76	0.56
total	75	0.59
total	74	0.62
total	73	0.65
total	72	0.68
total	71	0.70
total	70	0.73
total	69	0.75
total	68	0.77
total	67	0.79
total	66	0.81
total	65	0.82
total	64	0.84
total	63	0.85
total	62	0.86
total	61	0.87
total	60	0.88
total	59	0.89
total	58	0.89
total	57	0.90
total	56	0.91
total	55	0.91
total	54	0.91
total	53	0.92
total	52	0.92
total	51	0.92
total	50	0.93
total	49	0.93
total	48	0.93
total	47	0.94
total	46	0.94
total	45	0.94
total	44	0.95
total	43	0.95
total	42	0.95
total	41	0.96
total	40	0.96
total	39	0.96
total	38	0.97
total	37	0.97
total	36	0.97
total	35	0.98
total	34	0.98
total	33	0.98
total	32	0.98
total	31	0.99
total	30	0.99
total	29	0.99
total	28	0.99
total	27	0.99
total	26	0.99
total	25	0.99
total	24	0.99
total	23	0.99
total	22	0.99
total	21	0.99
total	20	1.00
total	19	1.00
total	18	1.00
total	17	1.00
total	16	1.00
total	15	1.00
total	14	1.00
total	13	1.00
total	12	1.00
total	11	1.00
total	10	1.00
total	9	1.00
total	8	1.00
total	7	1.00
total	6	1.00
total	5	1.00
total	4	1.00
total	3	1.00
total	2	1.00
total	1	1.00
total	0	1.00
