1	150	0.00
1	149	0.00
1	148	0.00
1	147	0.00
1	146	0.00
1	145	0.00
1	144	0.00
1	143	0.00
1	142	0.00
1	141	0.00
1	140	0.00
1	139	0.00
1	138	0.00
1	137	0.00
1	136	0.00
1	135	0.00
1	134	0.00
1	133	0.01
1	132	0.01
1	131	0.01
1	130	0.01
1	129	0.01
1	128	0.01
1	127	0.01
1	126	0.01
1	125	0.02
1	124	0.02
1	123	0.02
1	122	0.02
1	121	0.02
1	120	0.03
1	119	0.03
1	118	0.03
1	117	0.04
1	116	0.04
1	115	0.05
1	114	0.05
1	113	0.06
1	112	0.06
1	111	0.07
1	110	0.08
1	109	0.08
1	108	0.09
1	107	0.10
1	106	0.10
1	105	0.11
1	104	0.12
1	103	0.13
1	102	0.14
1	101	0.15
1	100	0.16
1	99	0.17
1	98	0.19
1	97	0.20
1	96	0.21
1	95	0.22
1	94	0.23
1	93	0.24
1	92	0.26
1	91	0.27
1	90	0.28
1	89	0.29
1	88	0.30
1	87	0.32
1	86	0.33
1	85	0.34
1	84	0.36
1	83	0.37
1	82	0.38
1	81	0.39
1	80	0.40
1	79	0.41
1	78	0.41
1	77	0.42
1	76	0.43
1	75	0.43
1	74	0.44
1	73	0.44
1	72	0.45
1	71	0.46
1	70	0.46
1	69	0.47
1	68	0.47
1	67	0.48
1	66	0.49
1	65	0.50
1	64	0.51
1	63	0.52
1	62	0.53
1	61	0.54
1	60	0.56
1	59	0.57
1	58	0.59
1	57	0.61
1	56	0.63
1	55	0.66
1	54	0.68
1	53	0.70
1	52	0.73
1	51	0.75
1	50	0.78
1	49	0.80
1	48	0.83
1	47	0.85
1	46	0.87
1	45	0.89
1	44	0.91
1	43	0.92
1	42	0.94
1	41	0.95
1	40	0.96
1	39	0.97
1	38	0.98
1	37	0.98
1	36	0.98
1	35	0.99
1	34	0.99
1	33	0.99
1	32	0.99
1	31	1.00
1	30	1.00
1	29	1.00
1	28	1.00
1	27	1.00
1	26	1.00
1	25	1.00
1	24	1.00
1	23	1.00
1	22	1.00
1	21	1.00
1	20	1.00
1	19	1.00
1	18	1.00
1	17	1.00
1	16	1.00
1	15	1.00
1	14	1.00
1	13	1.00
1	12	1.00
1	11	1.00
1	10	1.00
1	9	1.00
1	8	1.00
1	7	1.00
1	6	1.00
1	5	1.00
1	4	1.00
1	3	1.00
1	2	1.00
1	1	1.00
1	0	1.00
2	138	0.00
2	137	0.00
2	136	0.00
2	135	0.00
2	134	0.00
2	133	0.00
2	132	0.00
2	131	0.00
2	130	0.00
2	129	0.00
2	128	0.00
2	127	0.00
2	126	0.00
2	125	0.00
2	124	0.00
2	123	0.00
2	122	0.00
2	121	0.00
2	120	0.00
2	119	0.01
2	118	0.01
2	117	0.01
2	116	0.01
2	115	0.01
2	114	0.01
2	113	0.01
2	112	0.01
2	111	0.01
2	110	0.01
2	109	0.01
2	108	0.01
2	107	0.02
2	106	0.02
2	105	0.02
2	104	0.02
2	103	0.02
2	102	0.02
2	101	0.03
2	100	0.03
2	99	0.03
2	98	0.04
2	97	0.04
2	96	0.05
2	95	0.05
2	94	0.06
2	93	0.06
2	92	0.07
2	91	0.08
2	90	0.09
2	89	0.10
2	88	0.11
2	87	0.13
2	86	0.14
2	85	0.16
2	84	0.18
2	83	0.19
2	82	0.22
2	81	0.24
2	80	0.27
2	79	0.30
2	78	0.33
2	77	0.36
2	76	0.39
2	75	0.42
2	74	0.46
2	73	0.50
2	72	0.53
2	71	0.57
2	70	0.61
2	69	0.65
2	68	0.68
2	67	0.72
2	66	0.75
2	65	0.79
2	64	0.82
2	63	0.84
2	62	0.87
2	61	0.88
2	60	0.90
2	59	0.92
2	58	0.93
2	57	0.94
2	56	0.95
2	55	0.96
2	54	0.97
2	53	0.97
2	52	0.98
2	51	0.98
2	50	0.99
2	49	0.99
2	48	0.99
2	47	0.99
2	46	0.99
2	45	0.99
2	44	0.99
2	43	0.99
2	42	0.99
2	41	0.99
2	40	1.00
2	39	1.00
2	38	1.00
2	37	1.00
2	36	1.00
2	35	1.00
2	34	1.00
2	33	1.00
2	32	1.00
2	31	1.00
2	30	1.00
2	29	1.00
2	28	1.00
2	27	1.00
2	26	1.00
2	25	1.00
2	24	1.00
2	23	1.00
2	22	1.00
2	21	1.00
2	20	1.00
2	19	1.00
2	18	1.00
2	17	1.00
2	16	1.00
2	15	1.00
2	14	1.00
2	13	1.00
2	12	1.00
2	11	1.00
2	10	1.00
2	9	1.00
2	8	1.00
2	7	1.00
2	6	1.00
2	5	1.00
2	4	1.00
2	3	1.00
2	2	1.00
2	1	1.00
2	0	1.00
3	114	0.00
3	113	0.00
3	112	0.00
3	111	0.00
3	110	0.00
3	109	0.00
3	108	0.00
3	107	0.00
3	106	0.00
3	105	0.00
3	104	0.00
3	103	0.00
3	102	0.00
3	101	0.00
3	100	0.00
3	99	0.00
3	98	0.00
3	97	0.00
3	96	0.00
3	95	0.01
3	94	0.01
3	93	0.01
3	92	0.01
3	91	0.01
3	90	0.01
3	89	0.01
3	88	0.02
3	87	0.02
3	86	0.03
3	85	0.03
3	84	0.04
3	83	0.04
3	82	0.05
3	81	0.05
3	80	0.06
3	79	0.07
3	78	0.08
3	77	0.09
3	76	0.10
3	75	0.11
3	74	0.13
3	73	0.15
3	72	0.17
3	71	0.19
3	70	0.22
3	69	0.25
3	68	0.28
3	67	0.31
3	66	0.34
3	65	0.38
3	64	0.42
3	63	0.46
3	62	0.50
3	61	0.54
3	60	0.59
3	59	0.62
3	58	0.66
3	57	0.70
3	56	0.74
3	55	0.78
3	54	0.81
3	53	0.84
3	52	0.86
3	51	0.89
3	50	0.91
3	49	0.92
3	48	0.94
3	47	0.95
3	46	0.96
3	45	0.97
3	44	0.97
3	43	0.98
3	42	0.98
3	41	0.98
3	40	0.98
3	39	0.99
3	38	0.99
3	37	0.99
3	36	0.99
3	35	0.99
3	34	0.99
3	33	0.99
3	32	1.00
3	31	1.00
3	30	1.00
3	29	1.00
3	28	1.00
3	27	1.00
3	26	1.00
3	25	1.00
3	24	1.00
3	23	1.00
3	22	1.00
3	21	1.00
3	20	1.00
3	19	1.00
3	18	1.00
3	17	1.00
3	16	1.00
3	15	1.00
3	14	1.00
3	13	1.00
3	12	1.00
3	11	1.00
3	10	1.00
3	9	1.00
3	8	1.00
3	7	1.00
3	6	1.00
3	5	1.00
3	4	1.00
3	3	1.00
3	2	1.00
3	1	1.00
3	0	1.00
4	118	0.00
4	117	0.00
4	116	0.00
4	115	0.00
4	114	0.00
4	113	0.00
4	112	0.00
4	111	0.00
4	110	0.00
4	109	0.00
4	108	0.00
4	107	0.00
4	106	0.00
4	105	0.01
4	104	0.01
4	103	0.01
4	102	0.01
4	101	0.01
4	100	0.01
4	99	0.01
4	98	0.01
4	97	0.02
4	96	0.02
4	95	0.02
4	94	0.02
4	93	0.02
4	92	0.03
4	91	0.03
4	90	0.03
4	89	0.04
4	88	0.04
4	87	0.04
4	86	0.05
4	85	0.05
4	84	0.06
4	83	0.06
4	82	0.07
4	81	0.08
4	80	0.08
4	79	0.09
4	78	0.10
4	77	0.11
4	76	0.12
4	75	0.14
4	74	0.16
4	73	0.18
4	72	0.20
4	71	0.23
4	70	0.26
4	69	0.29
4	68	0.32
4	67	0.35
4	66	0.39
4	65	0.42
4	64	0.46
4	63	0.50
4	62	0.54
4	61	0.58
4	60	0.62
4	59	0.66
4	58	0.70
4	57	0.74
4	56	0.77
4	55	0.81
4	54	0.83
4	53	0.86
4	52	0.88
4	51	0.90
4	50	0.91
4	49	0.93
4	48	0.94
4	47	0.95
4	46	0.95
4	45	0.96
4	44	0.96
4	43	0.96
4	42	0.96
4	41	0.97
4	40	0.97
4	39	0.97
4	38	0.97
4	37	0.98
4	36	0.98
4	35	0.98
4	34	0.98
4	33	0.99
4	32	0.99
4	31	0.99
4	30	0.99
4	29	0.99
4	28	0.99
4	27	0.99
4	26	0.99
4	25	0.99
4	24	0.99
4	23	0.99
4	22	0.99
4	21	1.00
4	20	1.00
4	19	1.00
4	18	1.00
4	17	1.00
4	16	1.00
4	15	1.00
4	14	1.00
4	13	1.00
4	12	1.00
4	11	1.00
4	10	1.00
4	9	1.00
4	8	1.00
4	7	1.00
4	6	1.00
4	5	1.00
4	4	1.00
4	3	1.00
4	2	1.00
4	1	1.00
4	0	1.00
5	133	0.00
5	132	0.00
5	131	0.00
5	130	0.00
5	129	0.00
5	128	0.00
5	127	0.00
5	126	0.00
5	125	0.00
5	124	0.00
5	123	0.00
5	122	0.00
5	121	0.00
5	120	0.00
5	119	0.00
5	118	0.00
5	117	0.00
5	116	0.00
5	115	0.01
5	114	0.01
5	113	0.01
5	112	0.01
5	111	0.01
5	110	0.01
5	109	0.01
5	108	0.02
5	107	0.02
5	106	0.02
5	105	0.02
5	104	0.03
5	103	0.03
5	102	0.04
5	101	0.04
5	100	0.05
5	99	0.05
5	98	0.06
5	97	0.06
5	96	0.07
5	95	0.08
5	94	0.09
5	93	0.10
5	92	0.11
5	91	0.13
5	90	0.14
5	89	0.15
5	88	0.17
5	87	0.19
5	86	0.20
5	85	0.23
5	84	0.25
5	83	0.28
5	82	0.30
5	81	0.33
5	80	0.37
5	79	0.40
5	78	0.44
5	77	0.47
5	76	0.50
5	75	0.54
5	74	0.57
5	73	0.61
5	72	0.64
5	71	0.67
5	70	0.70
5	69	0.73
5	68	0.76
5	67	0.79
5	66	0.81
5	65	0.84
5	64	0.86
5	63	0.88
5	62	0.90
5	61	0.91
5	60	0.93
5	59	0.94
5	58	0.95
5	57	0.96
5	56	0.97
5	55	0.97
5	54	0.98
5	53	0.98
5	52	0.99
5	51	0.99
5	50	0.99
5	49	0.99
5	48	0.99
5	47	1.00
5	46	1.00
5	45	1.00
5	44	1.00
5	43	1.00
5	42	1.00
5	41	1.00
5	40	1.00
5	39	1.00
5	38	1.00
5	37	1.00
5	36	1.00
5	35	1.00
5	34	1.00
5	33	1.00
5	32	1.00
5	31	1.00
5	30	1.00
5	29	1.00
5	28	1.00
5	27	1.00
5	26	1.00
5	25	1.00
5	24	1.00
5	23	1.00
5	22	1.00
5	21	1.00
5	20	1.00
5	19	1.00
5	18	1.00
5	17	1.00
5	16	1.00
5	15	1.00
5	14	1.00
5	13	1.00
5	12	1.00
5	11	1.00
5	10	1.00
5	9	1.00
5	8	1.00
5	7	1.00
5	6	1.00
5	5	1.00
5	4	1.00
5	3	1.00
5	2	1.00
5	1	1.00
5	0	1.00
6	167	0.00
6	166	0.00
6	165	0.00
6	164	0.00
6	163	0.00
6	162	0.00
6	161	0.00
6	160	0.00
6	159	0.00
6	158	0.00
6	157	0.00
6	156	0.00
6	155	0.00
6	154	0.00
6	153	0.00
6	152	0.00
6	151	0.00
6	150	0.00
6	149	0.00
6	148	0.00
6	147	0.00
6	146	0.00
6	145	0.00
6	144	0.00
6	143	0.00
6	142	0.00
6	141	0.00
6	140	0.00
6	139	0.00
6	138	0.00
6	137	0.00
6	136	0.00
6	135	0.00
6	134	0.00
6	133	0.00
6	132	0.00
6	131	0.00
6	130	0.00
6	129	0.00
6	128	0.00
6	127	0.00
6	126	0.00
6	125	0.00
6	124	0.00
6	123	0.00
6	122	0.00
6	121	0.00
6	120	0.00
6	119	0.00
6	118	0.01
6	117	0.01
6	116	0.01
6	115	0.01
6	114	0.01
6	113	0.01
6	112	0.01
6	111	0.01
6	110	0.01
6	109	0.01
6	108	0.01
6	107	0.02
6	106	0.02
6	105	0.02
6	104	0.02
6	103	0.02
6	102	0.02
6	101	0.03
6	100	0.03
6	99	0.03
6	98	0.04
6	97	0.04
6	96	0.05
6	95	0.05
6	94	0.06
6	93	0.06
6	92	0.07
6	91	0.08
6	90	0.09
6	89	0.10
6	88	0.12
6	87	0.13
6	86	0.15
6	85	0.17
6	84	0.19
6	83	0.21
6	82	0.24
6	81	0.26
6	80	0.29
6	79	0.32
6	78	0.36
6	77	0.39
6	76	0.43
6	75	0.46
6	74	0.50
6	73	0.53
6	72	0.57
6	71	0.61
6	70	0.64
6	69	0.68
6	68	0.71
6	67	0.75
6	66	0.78
6	65	0.81
6	64	0.83
6	63	0.85
6	62	0.87
6	61	0.89
6	60	0.90
6	59	0.92
6	58	0.93
6	57	0.94
6	56	0.95
6	55	0.95
6	54	0.96
6	53	0.96
6	52	0.96
6	51	0.97
6	50	0.97
6	49	0.97
6	48	0.97
6	47	0.97
6	46	0.98
6	45	0.98
6	44	0.98
6	43	0.98
6	42	0.98
6	41	0.98
6	40	0.98
6	39	0.98
6	38	0.98
6	37	0.98
6	36	0.98
6	35	0.98
6	34	0.98
6	33	0.98
6	32	0.98
6	31	0.99
6	30	0.99
6	29	0.99
6	28	0.99
6	27	0.99
6	26	0.99
6	25	0.99
6	24	0.99
6	23	0.99
6	22	0.99
6	21	0.99
6	20	1.00
6	19	1.00
6	18	1.00
6	17	1.00
6	16	1.00
6	15	1.00
6	14	1.00
6	13	1.00
6	12	1.00
6	11	1.00
6	10	1.00
6	9	1.00
6	8	1.00
6	7	1.00
6	6	1.00
6	5	1.00
6	4	1.00
6	3	1.00
6	2	1.00
6	1	1.00
6	0	1.00
7	411	0.00
7	410	0.00
7	409	0.00
7	408	0.00
7	407	0.00
7	406	0.00
7	405	0.00
7	404	0.00
7	403	0.00
7	402	0.00
7	401	0.00
7	400	0.00
7	398	0.00
7	397	0.00
7	396	0.00
7	395	0.00
7	394	0.00
7	393	0.00
7	392	0.00
7	391	0.00
7	390	0.00
7	389	0.00
7	388	0.00
7	387	0.00
7	386	0.00
7	385	0.00
7	384	0.00
7	383	0.00
7	382	0.00
7	381	0.00
7	380	0.00
7	378	0.00
7	376	0.00
7	374	0.00
7	373	0.00
7	372	0.00
7	371	0.00
7	370	0.00
7	368	0.00
7	367	0.00
7	366	0.00
7	362	0.00
7	361	0.00
7	359	0.00
7	358	0.00
7	357	0.00
7	355	0.00
7	354	0.00
7	353	0.00
7	352	0.00
7	300	0.00
7	299	0.00
7	298	0.00
7	297	0.00
7	296	0.00
7	295	0.00
7	294	0.00
7	293	0.00
7	292	0.00
7	291	0.00
7	290	0.00
7	289	0.00
7	288	0.00
7	287	0.00
7	286	0.00
7	285	0.00
7	284	0.00
7	283	0.00
7	282	0.00
7	281	0.00
7	280	0.00
7	279	0.00
7	278	0.00
7	277	0.00
7	276	0.00
7	275	0.00
7	274	0.00
7	273	0.00
7	272	0.00
7	271	0.00
7	270	0.00
7	269	0.00
7	268	0.00
7	267	0.00
7	266	0.00
7	265	0.00
7	264	0.00
7	263	0.00
7	262	0.00
7	261	0.00
7	260	0.00
7	259	0.00
7	258	0.00
7	257	0.00
7	256	0.00
7	255	0.00
7	254	0.00
7	253	0.00
7	252	0.00
7	251	0.00
7	250	0.00
7	249	0.00
7	248	0.00
7	247	0.00
7	246	0.00
7	245	0.00
7	244	0.00
7	243	0.00
7	242	0.00
7	241	0.00
7	240	0.00
7	239	0.00
7	238	0.00
7	237	0.00
7	236	0.00
7	235	0.00
7	234	0.00
7	233	0.00
7	232	0.00
7	231	0.00
7	230	0.00
7	229	0.00
7	228	0.00
7	227	0.00
7	226	0.00
7	225	0.00
7	224	0.00
7	223	0.00
7	222	0.00
7	221	0.00
7	220	0.00
7	219	0.00
7	218	0.00
7	217	0.00
7	216	0.00
7	215	0.00
7	214	0.00
7	213	0.00
7	212	0.00
7	211	0.00
7	210	0.00
7	209	0.00
7	208	0.00
7	207	0.00
7	206	0.00
7	205	0.00
7	204	0.00
7	203	0.00
7	202	0.00
7	201	0.00
7	200	0.00
7	199	0.00
7	198	0.00
7	197	0.00
7	196	0.00
7	195	0.00
7	194	0.00
7	193	0.00
7	192	0.00
7	191	0.00
7	190	0.00
7	189	0.00
7	188	0.00
7	187	0.00
7	186	0.00
7	185	0.00
7	184	0.00
7	183	0.00
7	182	0.00
7	181	0.00
7	180	0.00
7	179	0.00
7	178	0.00
7	177	0.00
7	176	0.00
7	175	0.00
7	174	0.00
7	173	0.00
7	172	0.00
7	171	0.00
7	170	0.00
7	169	0.00
7	168	0.00
7	167	0.00
7	166	0.00
7	165	0.00
7	164	0.00
7	163	0.00
7	162	0.00
7	161	0.00
7	160	0.00
7	159	0.00
7	158	0.00
7	157	0.00
7	156	0.00
7	155	0.00
7	154	0.00
7	153	0.00
7	152	0.00
7	151	0.00
7	150	0.01
7	149	0.01
7	148	0.01
7	147	0.01
7	146	0.01
7	145	0.01
7	144	0.01
7	143	0.01
7	142	0.01
7	141	0.01
7	140	0.01
7	139	0.01
7	138	0.01
7	137	0.01
7	136	0.01
7	135	0.01
7	134	0.01
7	133	0.01
7	132	0.01
7	131	0.01
7	130	0.01
7	129	0.01
7	128	0.01
7	127	0.01
7	126	0.01
7	125	0.01
7	124	0.01
7	123	0.01
7	122	0.01
7	121	0.01
7	120	0.01
7	119	0.01
7	118	0.01
7	117	0.01
7	116	0.01
7	115	0.01
7	114	0.01
7	113	0.01
7	112	0.01
7	111	0.01
7	110	0.01
7	109	0.01
7	108	0.02
7	107	0.02
7	106	0.02
7	105	0.02
7	104	0.03
7	103	0.03
7	102	0.03
7	101	0.04
7	100	0.04
7	99	0.04
7	98	0.05
7	97	0.06
7	96	0.06
7	95	0.07
7	94	0.08
7	93	0.09
7	92	0.10
7	91	0.11
7	90	0.12
7	89	0.14
7	88	0.15
7	87	0.17
7	86	0.19
7	85	0.21
7	84	0.24
7	83	0.26
7	82	0.28
7	81	0.31
7	80	0.34
7	79	0.37
7	78	0.40
7	77	0.43
7	76	0.47
7	75	0.50
7	74	0.53
7	73	0.56
7	72	0.60
7	71	0.63
7	70	0.66
7	69	0.69
7	68	0.72
7	67	0.75
7	66	0.77
7	65	0.80
7	64	0.82
7	63	0.84
7	62	0.86
7	61	0.88
7	60	0.90
7	59	0.91
7	58	0.92
7	57	0.93
7	56	0.94
7	55	0.95
7	54	0.95
7	53	0.96
7	52	0.97
7	51	0.97
7	50	0.97
7	49	0.98
7	48	0.98
7	47	0.98
7	46	0.98
7	45	0.98
7	44	0.98
7	43	0.98
7	42	0.99
7	41	0.99
7	40	0.99
7	39	0.99
7	38	0.99
7	37	0.99
7	36	0.99
7	35	0.99
7	34	0.99
7	33	0.99
7	32	0.99
7	31	0.99
7	30	0.99
7	29	0.99
7	28	0.99
7	27	0.99
7	26	0.99
7	25	0.99
7	24	0.99
7	23	0.99
7	22	0.99
7	21	0.99
7	20	0.99
7	19	0.99
7	18	0.99
7	17	0.99
7	16	0.99
7	15	0.99
7	14	0.99
7	13	0.99
7	12	0.99
7	11	1.00
7	10	1.00
7	9	1.00
7	8	1.00
7	7	1.00
7	6	1.00
7	5	1.00
7	4	1.00
7	3	1.00
7	2	1.00
7	1	1.00
7	0	1.00
8	134	0.00
8	133	0.00
8	132	0.00
8	131	0.00
8	130	0.00
8	129	0.00
8	128	0.00
8	127	0.00
8	126	0.00
8	125	0.00
8	124	0.00
8	123	0.00
8	122	0.00
8	121	0.00
8	120	0.00
8	119	0.00
8	118	0.00
8	117	0.00
8	116	0.00
8	115	0.00
8	114	0.00
8	113	0.01
8	112	0.01
8	111	0.01
8	110	0.01
8	109	0.01
8	108	0.01
8	107	0.02
8	106	0.02
8	105	0.02
8	104	0.02
8	103	0.03
8	102	0.03
8	101	0.03
8	100	0.04
8	99	0.04
8	98	0.05
8	97	0.05
8	96	0.06
8	95	0.06
8	94	0.07
8	93	0.08
8	92	0.09
8	91	0.10
8	90	0.11
8	89	0.12
8	88	0.14
8	87	0.16
8	86	0.18
8	85	0.19
8	84	0.21
8	83	0.24
8	82	0.26
8	81	0.29
8	80	0.32
8	79	0.35
8	78	0.38
8	77	0.41
8	76	0.45
8	75	0.48
8	74	0.52
8	73	0.56
8	72	0.60
8	71	0.63
8	70	0.67
8	69	0.70
8	68	0.74
8	67	0.77
8	66	0.80
8	65	0.82
8	64	0.85
8	63	0.87
8	62	0.89
8	61	0.91
8	60	0.92
8	59	0.94
8	58	0.95
8	57	0.96
8	56	0.97
8	55	0.97
8	54	0.98
8	53	0.98
8	52	0.99
8	51	0.99
8	50	0.99
8	49	0.99
8	48	1.00
8	47	1.00
8	46	1.00
8	45	1.00
8	44	1.00
8	43	1.00
8	42	1.00
8	41	1.00
8	40	1.00
8	39	1.00
8	38	1.00
8	37	1.00
8	36	1.00
8	35	1.00
8	34	1.00
8	33	1.00
8	32	1.00
8	31	1.00
8	30	1.00
8	29	1.00
8	28	1.00
8	27	1.00
8	26	1.00
8	25	1.00
8	24	1.00
8	23	1.00
8	22	1.00
8	21	1.00
8	20	1.00
8	19	1.00
8	18	1.00
8	17	1.00
8	16	1.00
8	15	1.00
8	14	1.00
8	13	1.00
8	12	1.00
8	11	1.00
8	10	1.00
8	9	1.00
8	8	1.00
8	7	1.00
8	6	1.00
8	5	1.00
8	4	1.00
8	3	1.00
8	2	1.00
8	1	1.00
8	0	1.00
9	138	0.00
9	137	0.00
9	136	0.00
9	135	0.00
9	134	0.00
9	133	0.00
9	132	0.00
9	131	0.00
9	130	0.00
9	129	0.00
9	128	0.00
9	127	0.00
9	126	0.00
9	125	0.00
9	124	0.00
9	123	0.00
9	122	0.00
9	121	0.00
9	120	0.00
9	119	0.01
9	118	0.01
9	117	0.01
9	116	0.01
9	115	0.01
9	114	0.02
9	113	0.02
9	112	0.02
9	111	0.03
9	110	0.03
9	109	0.04
9	108	0.04
9	107	0.05
9	106	0.06
9	105	0.06
9	104	0.07
9	103	0.07
9	102	0.08
9	101	0.09
9	100	0.09
9	99	0.10
9	98	0.10
9	97	0.11
9	96	0.12
9	95	0.13
9	94	0.14
9	93	0.15
9	92	0.16
9	91	0.17
9	90	0.18
9	89	0.20
9	88	0.22
9	87	0.23
9	86	0.25
9	85	0.27
9	84	0.29
9	83	0.31
9	82	0.34
9	81	0.36
9	80	0.39
9	79	0.41
9	78	0.44
9	77	0.47
9	76	0.50
9	75	0.53
9	74	0.56
9	73	0.58
9	72	0.61
9	71	0.64
9	70	0.67
9	69	0.70
9	68	0.73
9	67	0.75
9	66	0.78
9	65	0.80
9	64	0.82
9	63	0.85
9	62	0.86
9	61	0.88
9	60	0.90
9	59	0.91
9	58	0.92
9	57	0.93
9	56	0.94
9	55	0.95
9	54	0.96
9	53	0.96
9	52	0.97
9	51	0.97
9	50	0.97
9	49	0.98
9	48	0.98
9	47	0.98
9	46	0.98
9	45	0.99
9	44	0.99
9	43	0.99
9	42	0.99
9	41	0.99
9	40	0.99
9	39	0.99
9	38	0.99
9	37	0.99
9	36	0.99
9	35	0.99
9	34	0.99
9	33	0.99
9	32	0.99
9	31	1.00
9	30	1.00
9	29	1.00
9	28	1.00
9	27	1.00
9	26	1.00
9	25	1.00
9	24	1.00
9	23	1.00
9	22	1.00
9	21	1.00
9	20	1.00
9	19	1.00
9	18	1.00
9	17	1.00
9	16	1.00
9	15	1.00
9	14	1.00
9	13	1.00
9	12	1.00
9	11	1.00
9	10	1.00
9	9	1.00
9	8	1.00
9	7	1.00
9	6	1.00
9	5	1.00
9	4	1.00
9	3	1.00
9	2	1.00
9	1	1.00
9	0	1.00
10	128	0.00
10	127	0.00
10	126	0.00
10	125	0.00
10	124	0.00
10	123	0.01
10	122	0.01
10	121	0.01
10	120	0.01
10	119	0.01
10	118	0.02
10	117	0.02
10	116	0.02
10	115	0.03
10	114	0.03
10	113	0.03
10	112	0.04
10	111	0.04
10	110	0.05
10	109	0.05
10	108	0.06
10	107	0.07
10	106	0.07
10	105	0.08
10	104	0.09
10	103	0.10
10	102	0.10
10	101	0.11
10	100	0.12
10	99	0.13
10	98	0.14
10	97	0.16
10	96	0.17
10	95	0.18
10	94	0.20
10	93	0.21
10	92	0.22
10	91	0.24
10	90	0.25
10	89	0.27
10	88	0.29
10	87	0.31
10	86	0.33
10	85	0.35
10	84	0.37
10	83	0.39
10	82	0.41
10	81	0.43
10	80	0.45
10	79	0.48
10	78	0.50
10	77	0.53
10	76	0.55
10	75	0.58
10	74	0.61
10	73	0.65
10	72	0.68
10	71	0.71
10	70	0.74
10	69	0.77
10	68	0.80
10	67	0.82
10	66	0.85
10	65	0.87
10	64	0.89
10	63	0.90
10	62	0.91
10	61	0.93
10	60	0.94
10	59	0.95
10	58	0.96
10	57	0.97
10	56	0.98
10	55	0.98
10	54	0.99
10	53	0.99
10	52	0.99
10	51	0.99
10	50	1.00
10	49	1.00
10	48	1.00
10	47	1.00
10	46	1.00
10	45	1.00
10	44	1.00
10	43	1.00
10	42	1.00
10	41	1.00
10	40	1.00
10	39	1.00
10	38	1.00
10	37	1.00
10	36	1.00
10	35	1.00
10	34	1.00
10	33	1.00
10	32	1.00
10	31	1.00
10	30	1.00
10	29	1.00
10	28	1.00
10	27	1.00
10	26	1.00
10	25	1.00
10	24	1.00
10	23	1.00
10	22	1.00
10	21	1.00
10	20	1.00
10	19	1.00
10	18	1.00
10	17	1.00
10	16	1.00
10	15	1.00
10	14	1.00
10	13	1.00
10	12	1.00
10	11	1.00
10	10	1.00
10	9	1.00
10	8	1.00
10	7	1.00
10	6	1.00
10	5	1.00
10	4	1.00
10	3	1.00
10	2	1.00
10	1	1.00
10	0	1.00
11	95	0.00
11	94	0.00
11	93	0.00
11	92	0.00
11	91	0.00
11	90	0.00
11	89	0.00
11	88	0.00
11	87	0.00
11	86	0.00
11	85	0.00
11	84	0.01
11	83	0.01
11	82	0.01
11	81	0.01
11	80	0.02
11	79	0.02
11	78	0.03
11	77	0.03
11	76	0.04
11	75	0.05
11	74	0.06
11	73	0.07
11	72	0.08
11	71	0.09
11	70	0.10
11	69	0.11
11	68	0.13
11	67	0.14
11	66	0.16
11	65	0.18
11	64	0.20
11	63	0.22
11	62	0.25
11	61	0.28
11	60	0.31
11	59	0.34
11	58	0.38
11	57	0.41
11	56	0.45
11	55	0.49
11	54	0.53
11	53	0.58
11	52	0.62
11	51	0.66
11	50	0.70
11	49	0.74
11	48	0.77
11	47	0.80
11	46	0.83
11	45	0.86
11	44	0.89
11	43	0.91
11	42	0.92
11	41	0.94
11	40	0.95
11	39	0.96
11	38	0.97
11	37	0.97
11	36	0.98
11	35	0.98
11	34	0.98
11	33	0.98
11	32	0.99
11	31	0.99
11	30	0.99
11	29	0.99
11	28	0.99
11	27	0.99
11	26	0.99
11	25	1.00
11	24	1.00
11	23	1.00
11	22	1.00
11	21	1.00
11	20	1.00
11	19	1.00
11	18	1.00
11	17	1.00
11	16	1.00
11	15	1.00
11	14	1.00
11	13	1.00
11	12	1.00
11	11	1.00
11	10	1.00
11	9	1.00
11	8	1.00
11	7	1.00
11	6	1.00
11	5	1.00
11	4	1.00
11	3	1.00
11	2	1.00
11	1	1.00
11	0	1.00
12	134	0.00
12	133	0.00
12	132	0.00
12	131	0.00
12	130	0.00
12	129	0.00
12	128	0.00
12	127	0.00
12	126	0.00
12	125	0.00
12	124	0.00
12	123	0.00
12	122	0.00
12	121	0.00
12	120	0.00
12	119	0.00
12	118	0.00
12	117	0.00
12	116	0.00
12	115	0.00
12	114	0.00
12	113	0.01
12	112	0.01
12	111	0.01
12	110	0.01
12	109	0.01
12	108	0.02
12	107	0.02
12	106	0.02
12	105	0.03
12	104	0.03
12	103	0.04
12	102	0.04
12	101	0.05
12	100	0.05
12	99	0.06
12	98	0.06
12	97	0.07
12	96	0.08
12	95	0.09
12	94	0.10
12	93	0.11
12	92	0.13
12	91	0.14
12	90	0.16
12	89	0.18
12	88	0.20
12	87	0.22
12	86	0.24
12	85	0.26
12	84	0.29
12	83	0.31
12	82	0.34
12	81	0.37
12	80	0.40
12	79	0.43
12	78	0.46
12	77	0.49
12	76	0.53
12	75	0.56
12	74	0.59
12	73	0.63
12	72	0.66
12	71	0.69
12	70	0.72
12	69	0.75
12	68	0.78
12	67	0.81
12	66	0.83
12	65	0.85
12	64	0.87
12	63	0.89
12	62	0.91
12	61	0.93
12	60	0.94
12	59	0.95
12	58	0.96
12	57	0.96
12	56	0.97
12	55	0.97
12	54	0.98
12	53	0.98
12	52	0.98
12	51	0.99
12	50	0.99
12	49	0.99
12	48	0.99
12	47	0.99
12	46	0.99
12	45	0.99
12	44	0.99
12	43	0.99
12	42	0.99
12	41	0.99
12	40	0.99
12	39	0.99
12	38	0.99
12	37	1.00
12	36	1.00
12	35	1.00
12	34	1.00
12	33	1.00
12	32	1.00
12	31	1.00
12	30	1.00
12	29	1.00
12	28	1.00
12	27	1.00
12	26	1.00
12	25	1.00
12	24	1.00
12	23	1.00
12	22	1.00
12	21	1.00
12	20	1.00
12	19	1.00
12	18	1.00
12	17	1.00
12	16	1.00
12	15	1.00
12	14	1.00
12	13	1.00
12	12	1.00
12	11	1.00
12	10	1.00
12	9	1.00
12	8	1.00
12	7	1.00
12	6	1.00
12	5	1.00
12	4	1.00
12	3	1.00
12	2	1.00
12	1	1.00
12	0	1.00
13	123	0.00
13	122	0.00
13	121	0.00
13	120	0.00
13	119	0.00
13	118	0.00
13	117	0.00
13	116	0.00
13	115	0.00
13	114	0.00
13	113	0.01
13	112	0.01
13	111	0.01
13	110	0.01
13	109	0.01
13	108	0.01
13	107	0.01
13	106	0.02
13	105	0.02
13	104	0.02
13	103	0.02
13	102	0.02
13	101	0.03
13	100	0.03
13	99	0.03
13	98	0.03
13	97	0.04
13	96	0.04
13	95	0.04
13	94	0.05
13	93	0.05
13	92	0.06
13	91	0.07
13	90	0.08
13	89	0.09
13	88	0.10
13	87	0.11
13	86	0.12
13	85	0.14
13	84	0.16
13	83	0.18
13	82	0.20
13	81	0.22
13	80	0.25
13	79	0.27
13	78	0.30
13	77	0.33
13	76	0.36
13	75	0.39
13	74	0.43
13	73	0.47
13	72	0.51
13	71	0.55
13	70	0.59
13	69	0.62
13	68	0.66
13	67	0.69
13	66	0.72
13	65	0.75
13	64	0.78
13	63	0.80
13	62	0.82
13	61	0.84
13	60	0.86
13	59	0.87
13	58	0.89
13	57	0.90
13	56	0.91
13	55	0.92
13	54	0.93
13	53	0.93
13	52	0.94
13	51	0.94
13	50	0.94
13	49	0.94
13	48	0.95
13	47	0.95
13	46	0.95
13	45	0.95
13	44	0.95
13	43	0.95
13	42	0.95
13	41	0.95
13	40	0.95
13	39	0.95
13	38	0.96
13	37	0.96
13	36	0.96
13	35	0.96
13	34	0.96
13	33	0.96
13	32	0.97
13	31	0.97
13	30	0.97
13	29	0.97
13	28	0.97
13	27	0.97
13	26	0.97
13	25	0.97
13	24	0.97
13	23	0.97
13	22	0.97
13	21	0.98
13	20	0.98
13	19	0.98
13	18	0.98
13	17	0.98
13	16	0.98
13	15	0.98
13	14	0.98
13	13	0.98
13	12	0.99
13	11	0.99
13	10	0.99
13	9	0.99
13	8	1.00
13	7	1.00
13	6	1.00
13	5	1.00
13	4	1.00
13	3	1.00
13	2	1.00
13	1	1.00
13	0	1.00
14	123	0.00
14	122	0.00
14	121	0.00
14	120	0.00
14	119	0.00
14	118	0.00
14	117	0.00
14	116	0.01
14	115	0.01
14	114	0.01
14	113	0.01
14	112	0.01
14	111	0.02
14	110	0.02
14	109	0.02
14	108	0.03
14	107	0.03
14	106	0.04
14	105	0.04
14	104	0.05
14	103	0.06
14	102	0.06
14	101	0.07
14	100	0.08
14	99	0.09
14	98	0.10
14	97	0.11
14	96	0.11
14	95	0.12
14	94	0.14
14	93	0.15
14	92	0.16
14	91	0.18
14	90	0.19
14	89	0.20
14	88	0.22
14	87	0.24
14	86	0.25
14	85	0.27
14	84	0.29
14	83	0.31
14	82	0.33
14	81	0.36
14	80	0.39
14	79	0.42
14	78	0.45
14	77	0.49
14	76	0.52
14	75	0.55
14	74	0.58
14	73	0.61
14	72	0.64
14	71	0.68
14	70	0.71
14	69	0.74
14	68	0.77
14	67	0.80
14	66	0.83
14	65	0.85
14	64	0.88
14	63	0.90
14	62	0.91
14	61	0.93
14	60	0.94
14	59	0.95
14	58	0.96
14	57	0.97
14	56	0.98
14	55	0.98
14	54	0.99
14	53	0.99
14	52	0.99
14	51	0.99
14	50	1.00
14	49	1.00
14	48	1.00
14	47	1.00
14	46	1.00
14	45	1.00
14	44	1.00
14	43	1.00
14	42	1.00
14	41	1.00
14	40	1.00
14	39	1.00
14	38	1.00
14	37	1.00
14	36	1.00
14	35	1.00
14	34	1.00
14	33	1.00
14	32	1.00
14	31	1.00
14	30	1.00
14	29	1.00
14	28	1.00
14	27	1.00
14	26	1.00
14	25	1.00
14	24	1.00
14	23	1.00
14	22	1.00
14	21	1.00
14	20	1.00
14	19	1.00
14	18	1.00
14	17	1.00
14	16	1.00
14	15	1.00
14	14	1.00
14	13	1.00
14	12	1.00
14	11	1.00
14	10	1.00
14	9	1.00
14	8	1.00
14	7	1.00
14	6	1.00
14	5	1.00
14	4	1.00
14	3	1.00
14	2	1.00
14	1	1.00
14	0	1.00
15	114	0.00
15	113	0.00
15	112	0.00
15	111	0.00
15	110	0.00
15	109	0.00
15	108	0.00
15	107	0.00
15	106	0.00
15	105	0.00
15	104	0.00
15	103	0.01
15	102	0.01
15	101	0.01
15	100	0.01
15	99	0.01
15	98	0.02
15	97	0.02
15	96	0.02
15	95	0.03
15	94	0.04
15	93	0.04
15	92	0.05
15	91	0.06
15	90	0.07
15	89	0.08
15	88	0.10
15	87	0.11
15	86	0.13
15	85	0.14
15	84	0.16
15	83	0.18
15	82	0.21
15	81	0.24
15	80	0.27
15	79	0.30
15	78	0.34
15	77	0.37
15	76	0.41
15	75	0.45
15	74	0.49
15	73	0.53
15	72	0.57
15	71	0.61
15	70	0.65
15	69	0.68
15	68	0.72
15	67	0.75
15	66	0.78
15	65	0.81
15	64	0.84
15	63	0.86
15	62	0.88
15	61	0.90
15	60	0.92
15	59	0.93
15	58	0.94
15	57	0.95
15	56	0.96
15	55	0.97
15	54	0.97
15	53	0.98
15	52	0.98
15	51	0.99
15	50	0.99
15	49	0.99
15	48	0.99
15	47	0.99
15	46	0.99
15	45	0.99
15	44	1.00
15	43	1.00
15	42	1.00
15	41	1.00
15	40	1.00
15	39	1.00
15	38	1.00
15	37	1.00
15	36	1.00
15	35	1.00
15	34	1.00
15	33	1.00
15	32	1.00
15	31	1.00
15	30	1.00
15	29	1.00
15	28	1.00
15	27	1.00
15	26	1.00
15	25	1.00
15	24	1.00
15	23	1.00
15	22	1.00
15	21	1.00
15	20	1.00
15	19	1.00
15	18	1.00
15	17	1.00
15	16	1.00
15	15	1.00
15	14	1.00
15	13	1.00
15	12	1.00
15	11	1.00
15	10	1.00
15	9	1.00
15	8	1.00
15	7	1.00
15	6	1.00
15	5	1.00
15	4	1.00
15	3	1.00
15	2	1.00
15	1	1.00
15	0	1.00
16	134	0.00
16	133	0.00
16	132	0.00
16	131	0.00
16	130	0.00
16	129	0.00
16	128	0.00
16	127	0.00
16	126	0.00
16	125	0.00
16	124	0.00
16	123	0.01
16	122	0.01
16	121	0.01
16	120	0.01
16	119	0.01
16	118	0.01
16	117	0.01
16	116	0.02
16	115	0.02
16	114	0.02
16	113	0.02
16	112	0.02
16	111	0.02
16	110	0.03
16	109	0.03
16	108	0.03
16	107	0.04
16	106	0.04
16	105	0.04
16	104	0.05
16	103	0.05
16	102	0.06
16	101	0.07
16	100	0.07
16	99	0.08
16	98	0.09
16	97	0.09
16	96	0.10
16	95	0.11
16	94	0.12
16	93	0.13
16	92	0.15
16	91	0.16
16	90	0.18
16	89	0.19
16	88	0.21
16	87	0.23
16	86	0.24
16	85	0.26
16	84	0.28
16	83	0.30
16	82	0.33
16	81	0.35
16	80	0.38
16	79	0.41
16	78	0.44
16	77	0.47
16	76	0.50
16	75	0.53
16	74	0.56
16	73	0.59
16	72	0.62
16	71	0.66
16	70	0.69
16	69	0.71
16	68	0.74
16	67	0.77
16	66	0.79
16	65	0.82
16	64	0.84
16	63	0.86
16	62	0.88
16	61	0.90
16	60	0.91
16	59	0.93
16	58	0.94
16	57	0.95
16	56	0.96
16	55	0.96
16	54	0.97
16	53	0.98
16	52	0.98
16	51	0.98
16	50	0.99
16	49	0.99
16	48	0.99
16	47	0.99
16	46	0.99
16	45	0.99
16	44	0.99
16	43	0.99
16	42	0.99
16	41	0.99
16	40	1.00
16	39	1.00
16	38	1.00
16	37	1.00
16	36	1.00
16	35	1.00
16	34	1.00
16	33	1.00
16	32	1.00
16	31	1.00
16	30	1.00
16	29	1.00
16	28	1.00
16	27	1.00
16	26	1.00
16	25	1.00
16	24	1.00
16	23	1.00
16	22	1.00
16	21	1.00
16	20	1.00
16	19	1.00
16	18	1.00
16	17	1.00
16	16	1.00
16	15	1.00
16	14	1.00
16	13	1.00
16	12	1.00
16	11	1.00
16	10	1.00
16	9	1.00
16	8	1.00
16	7	1.00
16	6	1.00
16	5	1.00
16	4	1.00
16	3	1.00
16	2	1.00
16	1	1.00
16	0	1.00
17	123	0.00
17	122	0.00
17	121	0.00
17	120	0.00
17	119	0.00
17	118	0.00
17	117	0.00
17	116	0.00
17	115	0.00
17	114	0.01
17	113	0.01
17	112	0.01
17	111	0.01
17	110	0.01
17	109	0.02
17	108	0.02
17	107	0.02
17	106	0.02
17	105	0.03
17	104	0.03
17	103	0.04
17	102	0.04
17	101	0.04
17	100	0.05
17	99	0.05
17	98	0.06
17	97	0.07
17	96	0.07
17	95	0.08
17	94	0.09
17	93	0.10
17	92	0.11
17	91	0.12
17	90	0.13
17	89	0.14
17	88	0.16
17	87	0.17
17	86	0.19
17	85	0.21
17	84	0.23
17	83	0.25
17	82	0.28
17	81	0.30
17	80	0.33
17	79	0.35
17	78	0.38
17	77	0.40
17	76	0.43
17	75	0.46
17	74	0.49
17	73	0.52
17	72	0.54
17	71	0.57
17	70	0.60
17	69	0.63
17	68	0.66
17	67	0.68
17	66	0.71
17	65	0.73
17	64	0.75
17	63	0.78
17	62	0.80
17	61	0.82
17	60	0.84
17	59	0.86
17	58	0.87
17	57	0.89
17	56	0.90
17	55	0.91
17	54	0.92
17	53	0.93
17	52	0.94
17	51	0.95
17	50	0.96
17	49	0.96
17	48	0.97
17	47	0.97
17	46	0.98
17	45	0.98
17	44	0.98
17	43	0.98
17	42	0.99
17	41	0.99
17	40	0.99
17	39	0.99
17	38	1.00
17	37	1.00
17	36	1.00
17	35	1.00
17	34	1.00
17	33	1.00
17	32	1.00
17	31	1.00
17	30	1.00
17	29	1.00
17	28	1.00
17	27	1.00
17	26	1.00
17	25	1.00
17	24	1.00
17	23	1.00
17	22	1.00
17	21	1.00
17	20	1.00
17	19	1.00
17	18	1.00
17	17	1.00
17	16	1.00
17	15	1.00
17	14	1.00
17	13	1.00
17	12	1.00
17	11	1.00
17	10	1.00
17	9	1.00
17	8	1.00
17	7	1.00
17	6	1.00
17	5	1.00
17	4	1.00
17	3	1.00
17	2	1.00
17	1	1.00
17	0	1.00
18	122	0.00
18	121	0.00
18	120	0.00
18	119	0.00
18	118	0.00
18	117	0.00
18	116	0.01
18	115	0.01
18	114	0.01
18	113	0.01
18	112	0.01
18	111	0.01
18	110	0.01
18	109	0.01
18	108	0.01
18	107	0.01
18	106	0.01
18	105	0.01
18	104	0.01
18	103	0.01
18	102	0.02
18	101	0.02
18	100	0.03
18	99	0.03
18	98	0.04
18	97	0.04
18	96	0.05
18	95	0.05
18	94	0.06
18	93	0.07
18	92	0.08
18	91	0.09
18	90	0.10
18	89	0.10
18	88	0.12
18	87	0.13
18	86	0.14
18	85	0.16
18	84	0.18
18	83	0.20
18	82	0.21
18	81	0.24
18	80	0.27
18	79	0.29
18	78	0.32
18	77	0.35
18	76	0.38
18	75	0.41
18	74	0.44
18	73	0.47
18	72	0.50
18	71	0.53
18	70	0.57
18	69	0.60
18	68	0.64
18	67	0.67
18	66	0.70
18	65	0.74
18	64	0.77
18	63	0.80
18	62	0.82
18	61	0.84
18	60	0.86
18	59	0.88
18	58	0.90
18	57	0.91
18	56	0.91
18	55	0.92
18	54	0.92
18	53	0.92
18	52	0.92
18	51	0.93
18	50	0.93
18	49	0.93
18	48	0.94
18	47	0.94
18	46	0.94
18	45	0.94
18	44	0.94
18	43	0.94
18	42	0.95
18	41	0.95
18	40	0.95
18	39	0.95
18	38	0.96
18	37	0.96
18	36	0.97
18	35	0.97
18	34	0.97
18	33	0.97
18	32	0.97
18	31	0.98
18	30	0.98
18	29	0.98
18	28	0.98
18	27	0.98
18	26	0.98
18	25	0.99
18	24	0.99
18	23	1.00
18	22	1.00
18	21	1.00
18	20	1.00
18	19	1.00
18	18	1.00
18	17	1.00
18	16	1.00
18	15	1.00
18	14	1.00
18	13	1.00
18	12	1.00
18	11	1.00
18	10	1.00
18	9	1.00
18	8	1.00
18	7	1.00
18	6	1.00
18	5	1.00
18	4	1.00
18	3	1.00
18	2	1.00
18	1	1.00
18	0	1.00
19	142	0.00
19	141	0.00
19	140	0.00
19	139	0.00
19	138	0.00
19	137	0.00
19	136	0.00
19	135	0.00
19	134	0.00
19	133	0.00
19	132	0.00
19	131	0.00
19	130	0.00
19	129	0.00
19	128	0.00
19	127	0.00
19	126	0.00
19	125	0.01
19	124	0.01
19	123	0.01
19	122	0.01
19	121	0.01
19	120	0.02
19	119	0.02
19	118	0.02
19	117	0.02
19	116	0.03
19	115	0.03
19	114	0.03
19	113	0.04
19	112	0.04
19	111	0.05
19	110	0.06
19	109	0.06
19	108	0.07
19	107	0.08
19	106	0.09
19	105	0.10
19	104	0.11
19	103	0.12
19	102	0.13
19	101	0.15
19	100	0.16
19	99	0.18
19	98	0.20
19	97	0.22
19	96	0.24
19	95	0.27
19	94	0.29
19	93	0.32
19	92	0.34
19	91	0.37
19	90	0.39
19	89	0.42
19	88	0.45
19	87	0.48
19	86	0.51
19	85	0.53
19	84	0.56
19	83	0.59
19	82	0.61
19	81	0.64
19	80	0.66
19	79	0.69
19	78	0.71
19	77	0.73
19	76	0.75
19	75	0.77
19	74	0.79
19	73	0.81
19	72	0.82
19	71	0.84
19	70	0.86
19	69	0.87
19	68	0.88
19	67	0.89
19	66	0.90
19	65	0.90
19	64	0.91
19	63	0.92
19	62	0.92
19	61	0.92
19	60	0.93
19	59	0.93
19	58	0.94
19	57	0.94
19	56	0.94
19	55	0.95
19	54	0.95
19	53	0.95
19	52	0.96
19	51	0.96
19	50	0.96
19	49	0.96
19	48	0.97
19	47	0.97
19	46	0.97
19	45	0.97
19	44	0.97
19	43	0.98
19	42	0.98
19	41	0.98
19	40	0.98
19	39	0.98
19	38	0.98
19	37	0.98
19	36	0.98
19	35	0.98
19	34	0.99
19	33	0.99
19	32	0.99
19	31	0.99
19	30	0.99
19	29	0.99
19	28	0.99
19	27	0.99
19	26	0.99
19	25	0.99
19	24	0.99
19	23	0.99
19	22	0.99
19	21	0.99
19	20	0.99
19	19	0.99
19	18	1.00
19	17	1.00
19	16	1.00
19	15	1.00
19	14	1.00
19	13	1.00
19	12	1.00
19	11	1.00
19	10	1.00
19	9	1.00
19	8	1.00
19	7	1.00
19	6	1.00
19	5	1.00
19	4	1.00
19	3	1.00
19	2	1.00
19	1	1.00
19	0	1.00
20	134	0.00
20	133	0.00
20	132	0.00
20	131	0.00
20	130	0.00
20	129	0.00
20	128	0.00
20	127	0.00
20	126	0.00
20	125	0.00
20	124	0.00
20	123	0.00
20	122	0.00
20	121	0.01
20	120	0.01
20	119	0.01
20	118	0.01
20	117	0.01
20	116	0.01
20	115	0.01
20	114	0.01
20	113	0.01
20	112	0.01
20	111	0.02
20	110	0.02
20	109	0.02
20	108	0.02
20	107	0.03
20	106	0.03
20	105	0.03
20	104	0.03
20	103	0.04
20	102	0.04
20	101	0.05
20	100	0.06
20	99	0.06
20	98	0.07
20	97	0.08
20	96	0.10
20	95	0.12
20	94	0.13
20	93	0.15
20	92	0.17
20	91	0.19
20	90	0.21
20	89	0.23
20	88	0.25
20	87	0.27
20	86	0.30
20	85	0.32
20	84	0.34
20	83	0.36
20	82	0.38
20	81	0.41
20	80	0.43
20	79	0.46
20	78	0.49
20	77	0.51
20	76	0.54
20	75	0.57
20	74	0.60
20	73	0.63
20	72	0.65
20	71	0.68
20	70	0.71
20	69	0.74
20	68	0.77
20	67	0.80
20	66	0.82
20	65	0.85
20	64	0.87
20	63	0.89
20	62	0.91
20	61	0.92
20	60	0.94
20	59	0.95
20	58	0.96
20	57	0.96
20	56	0.97
20	55	0.97
20	54	0.98
20	53	0.98
20	52	0.98
20	51	0.98
20	50	0.99
20	49	0.99
20	48	0.99
20	47	0.99
20	46	0.99
20	45	0.99
20	44	0.99
20	43	0.99
20	42	0.99
20	41	0.99
20	40	0.99
20	39	0.99
20	38	0.99
20	37	0.99
20	36	0.99
20	35	0.99
20	34	0.99
20	33	0.99
20	32	0.99
20	31	0.99
20	30	0.99
20	29	0.99
20	28	0.99
20	27	0.99
20	26	0.99
20	25	0.99
20	24	0.99
20	23	0.99
20	22	0.99
20	21	0.99
20	20	0.99
20	19	0.99
20	18	0.99
20	17	0.99
20	16	0.99
20	15	0.99
20	14	0.99
20	13	0.99
20	12	0.99
20	11	0.99
20	10	0.99
20	9	0.99
20	8	0.99
20	7	0.99
20	6	0.99
20	5	0.99
20	4	0.99
20	3	0.99
20	2	0.99
20	1	0.99
20	0	1.00
21	136	0.00
21	135	0.00
21	134	0.00
21	133	0.00
21	132	0.00
21	131	0.00
21	130	0.00
21	129	0.00
21	128	0.00
21	127	0.00
21	126	0.00
21	125	0.00
21	124	0.00
21	123	0.00
21	122	0.00
21	121	0.00
21	120	0.00
21	119	0.00
21	118	0.00
21	117	0.00
21	116	0.00
21	115	0.00
21	114	0.00
21	113	0.00
21	112	0.00
21	111	0.00
21	110	0.00
21	109	0.00
21	108	0.00
21	107	0.00
21	106	0.00
21	105	0.00
21	104	0.01
21	103	0.01
21	102	0.01
21	101	0.01
21	100	0.01
21	99	0.02
21	98	0.02
21	97	0.02
21	96	0.03
21	95	0.04
21	94	0.04
21	93	0.05
21	92	0.06
21	91	0.07
21	90	0.08
21	89	0.09
21	88	0.11
21	87	0.12
21	86	0.14
21	85	0.16
21	84	0.18
21	83	0.20
21	82	0.23
21	81	0.26
21	80	0.28
21	79	0.32
21	78	0.35
21	77	0.38
21	76	0.42
21	75	0.45
21	74	0.49
21	73	0.53
21	72	0.57
21	71	0.61
21	70	0.65
21	69	0.69
21	68	0.72
21	67	0.76
21	66	0.79
21	65	0.82
21	64	0.84
21	63	0.87
21	62	0.89
21	61	0.91
21	60	0.92
21	59	0.94
21	58	0.95
21	57	0.96
21	56	0.96
21	55	0.97
21	54	0.98
21	53	0.98
21	52	0.99
21	51	0.99
21	50	0.99
21	49	0.99
21	48	0.99
21	47	0.99
21	46	1.00
21	45	1.00
21	44	1.00
21	43	1.00
21	42	1.00
21	41	1.00
21	40	1.00
21	39	1.00
21	38	1.00
21	37	1.00
21	36	1.00
21	35	1.00
21	34	1.00
21	33	1.00
21	32	1.00
21	31	1.00
21	30	1.00
21	29	1.00
21	28	1.00
21	27	1.00
21	26	1.00
21	25	1.00
21	24	1.00
21	23	1.00
21	22	1.00
21	21	1.00
21	20	1.00
21	19	1.00
21	18	1.00
21	17	1.00
21	16	1.00
21	15	1.00
21	14	1.00
21	13	1.00
21	12	1.00
21	11	1.00
21	10	1.00
21	9	1.00
21	8	1.00
21	7	1.00
21	6	1.00
21	5	1.00
21	4	1.00
21	3	1.00
21	2	1.00
21	1	1.00
21	0	1.00
22	172	0.00
22	171	0.00
22	170	0.00
22	169	0.00
22	168	0.00
22	167	0.00
22	166	0.00
22	165	0.00
22	164	0.00
22	163	0.00
22	162	0.00
22	161	0.00
22	160	0.00
22	159	0.00
22	158	0.00
22	157	0.00
22	156	0.00
22	155	0.00
22	154	0.00
22	153	0.00
22	152	0.00
22	151	0.00
22	150	0.00
22	149	0.00
22	148	0.00
22	147	0.00
22	146	0.00
22	145	0.00
22	144	0.00
22	143	0.00
22	142	0.00
22	141	0.00
22	140	0.00
22	139	0.00
22	138	0.00
22	137	0.00
22	136	0.00
22	135	0.00
22	134	0.00
22	133	0.00
22	132	0.00
22	131	0.00
22	130	0.00
22	129	0.00
22	128	0.00
22	127	0.00
22	126	0.01
22	125	0.01
22	124	0.01
22	123	0.01
22	122	0.01
22	121	0.01
22	120	0.01
22	119	0.01
22	118	0.01
22	117	0.01
22	116	0.01
22	115	0.01
22	114	0.01
22	113	0.02
22	112	0.02
22	111	0.02
22	110	0.02
22	109	0.03
22	108	0.03
22	107	0.03
22	106	0.04
22	105	0.05
22	104	0.05
22	103	0.06
22	102	0.07
22	101	0.07
22	100	0.08
22	99	0.09
22	98	0.10
22	97	0.11
22	96	0.12
22	95	0.14
22	94	0.15
22	93	0.17
22	92	0.19
22	91	0.21
22	90	0.23
22	89	0.25
22	88	0.27
22	87	0.29
22	86	0.31
22	85	0.34
22	84	0.36
22	83	0.39
22	82	0.41
22	81	0.44
22	80	0.47
22	79	0.50
22	78	0.52
22	77	0.55
22	76	0.57
22	75	0.60
22	74	0.63
22	73	0.65
22	72	0.68
22	71	0.71
22	70	0.73
22	69	0.76
22	68	0.78
22	67	0.80
22	66	0.82
22	65	0.84
22	64	0.86
22	63	0.88
22	62	0.89
22	61	0.90
22	60	0.92
22	59	0.93
22	58	0.94
22	57	0.94
22	56	0.95
22	55	0.95
22	54	0.96
22	53	0.96
22	52	0.97
22	51	0.97
22	50	0.97
22	49	0.97
22	48	0.98
22	47	0.98
22	46	0.98
22	45	0.98
22	44	0.98
22	43	0.98
22	42	0.98
22	41	0.99
22	40	0.99
22	39	0.99
22	38	0.99
22	37	0.99
22	36	0.99
22	35	0.99
22	34	0.99
22	33	0.99
22	32	0.99
22	31	0.99
22	30	0.99
22	29	0.99
22	28	0.99
22	27	0.99
22	26	0.99
22	25	0.99
22	24	0.99
22	23	0.99
22	22	0.99
22	21	0.99
22	20	0.99
22	19	0.99
22	18	0.99
22	17	1.00
22	16	1.00
22	15	1.00
22	14	1.00
22	13	1.00
22	12	1.00
22	11	1.00
22	10	1.00
22	9	1.00
22	8	1.00
22	7	1.00
22	6	1.00
22	5	1.00
22	4	1.00
22	3	1.00
22	2	1.00
22	1	1.00
22	0	1.00
X	133	0.00
X	132	0.00
X	131	0.00
X	130	0.00
X	129	0.00
X	128	0.00
X	127	0.00
X	126	0.00
X	125	0.00
X	124	0.00
X	123	0.00
X	122	0.00
X	121	0.00
X	120	0.00
X	119	0.00
X	118	0.00
X	117	0.00
X	116	0.00
X	115	0.01
X	114	0.01
X	113	0.01
X	112	0.01
X	111	0.01
X	110	0.01
X	109	0.01
X	108	0.01
X	107	0.01
X	106	0.02
X	105	0.02
X	104	0.02
X	103	0.02
X	102	0.03
X	101	0.03
X	100	0.03
X	99	0.04
X	98	0.04
X	97	0.05
X	96	0.05
X	95	0.06
X	94	0.07
X	93	0.08
X	92	0.09
X	91	0.10
X	90	0.11
X	89	0.12
X	88	0.14
X	87	0.16
X	86	0.17
X	85	0.20
X	84	0.22
X	83	0.24
X	82	0.27
X	81	0.30
X	80	0.33
X	79	0.36
X	78	0.39
X	77	0.42
X	76	0.46
X	75	0.49
X	74	0.53
X	73	0.56
X	72	0.60
X	71	0.64
X	70	0.67
X	69	0.71
X	68	0.74
X	67	0.77
X	66	0.80
X	65	0.82
X	64	0.85
X	63	0.87
X	62	0.89
X	61	0.90
X	60	0.91
X	59	0.93
X	58	0.94
X	57	0.95
X	56	0.96
X	55	0.96
X	54	0.97
X	53	0.97
X	52	0.98
X	51	0.98
X	50	0.99
X	49	0.99
X	48	0.99
X	47	0.99
X	46	0.99
X	45	0.99
X	44	0.99
X	43	1.00
X	42	1.00
X	41	1.00
X	40	1.00
X	39	1.00
X	38	1.00
X	37	1.00
X	36	1.00
X	35	1.00
X	34	1.00
X	33	1.00
X	32	1.00
X	31	1.00
X	30	1.00
X	29	1.00
X	28	1.00
X	27	1.00
X	26	1.00
X	25	1.00
X	24	1.00
X	23	1.00
X	22	1.00
X	21	1.00
X	20	1.00
X	19	1.00
X	18	1.00
X	17	1.00
X	16	1.00
X	15	1.00
X	14	1.00
X	13	1.00
X	12	1.00
X	11	1.00
X	10	1.00
X	9	1.00
X	8	1.00
X	7	1.00
X	6	1.00
X	5	1.00
X	4	1.00
X	3	1.00
X	2	1.00
X	1	1.00
X	0	1.00
Y	0	1.00
total	368	0.00
total	367	0.00
total	366	0.00
total	362	0.00
total	361	0.00
total	359	0.00
total	358	0.00
total	357	0.00
total	355	0.00
total	354	0.00
total	353	0.00
total	352	0.00
total	300	0.00
total	299	0.00
total	298	0.00
total	297	0.00
total	296	0.00
total	295	0.00
total	294	0.00
total	293	0.00
total	292	0.00
total	291	0.00
total	290	0.00
total	289	0.00
total	288	0.00
total	287	0.00
total	286	0.00
total	285	0.00
total	284	0.00
total	283	0.00
total	282	0.00
total	281	0.00
total	280	0.00
total	279	0.00
total	278	0.00
total	277	0.00
total	276	0.00
total	275	0.00
total	274	0.00
total	273	0.00
total	272	0.00
total	271	0.00
total	270	0.00
total	269	0.00
total	268	0.00
total	267	0.00
total	266	0.00
total	265	0.00
total	264	0.00
total	263	0.00
total	262	0.00
total	261	0.00
total	260	0.00
total	259	0.00
total	258	0.00
total	257	0.00
total	256	0.00
total	255	0.00
total	254	0.00
total	253	0.00
total	252	0.00
total	251	0.00
total	250	0.00
total	249	0.00
total	248	0.00
total	247	0.00
total	246	0.00
total	245	0.00
total	244	0.00
total	243	0.00
total	242	0.00
total	241	0.00
total	240	0.00
total	239	0.00
total	238	0.00
total	237	0.00
total	236	0.00
total	235	0.00
total	234	0.00
total	233	0.00
total	232	0.00
total	231	0.00
total	230	0.00
total	229	0.00
total	228	0.00
total	227	0.00
total	226	0.00
total	225	0.00
total	224	0.00
total	223	0.00
total	222	0.00
total	221	0.00
total	220	0.00
total	219	0.00
total	218	0.00
total	217	0.00
total	216	0.00
total	215	0.00
total	214	0.00
total	213	0.00
total	212	0.00
total	211	0.00
total	210	0.00
total	209	0.00
total	208	0.00
total	207	0.00
total	206	0.00
total	205	0.00
total	204	0.00
total	203	0.00
total	202	0.00
total	201	0.00
total	200	0.00
total	199	0.00
total	198	0.00
total	197	0.00
total	196	0.00
total	195	0.00
total	194	0.00
total	193	0.00
total	192	0.00
total	191	0.00
total	190	0.00
total	189	0.00
total	188	0.00
total	187	0.00
total	186	0.00
total	185	0.00
total	184	0.00
total	183	0.00
total	182	0.00
total	181	0.00
total	180	0.00
total	179	0.00
total	178	0.00
total	177	0.00
total	176	0.00
total	175	0.00
total	174	0.00
total	173	0.00
total	172	0.00
total	171	0.00
total	170	0.00
total	169	0.00
total	168	0.00
total	167	0.00
total	166	0.00
total	165	0.00
total	164	0.00
total	163	0.00
total	162	0.00
total	161	0.00
total	160	0.00
total	159	0.00
total	158	0.00
total	157	0.00
total	156	0.00
total	155	0.00
total	154	0.00
total	153	0.00
total	152	0.00
total	151	0.00
total	150	0.00
total	149	0.00
total	148	0.00
total	147	0.00
total	146	0.00
total	145	0.00
total	144	0.00
total	143	0.00
total	142	0.00
total	141	0.00
total	140	0.00
total	139	0.00
total	138	0.00
total	137	0.00
total	136	0.00
total	135	0.00
total	134	0.00
total	133	0.00
total	132	0.00
total	131	0.00
total	130	0.00
total	129	0.00
total	128	0.00
total	127	0.00
total	126	0.00
total	125	0.00
total	124	0.00
total	123	0.00
total	122	0.00
total	121	0.00
total	120	0.01
total	119	0.01
total	118	0.01
total	117	0.01
total	116	0.01
total	115	0.01
total	114	0.01
total	113	0.01
total	112	0.01
total	111	0.02
total	110	0.02
total	109	0.02
total	108	0.02
total	107	0.02
total	106	0.03
total	105	0.03
total	104	0.03
total	103	0.04
total	102	0.04
total	101	0.04
total	100	0.05
total	99	0.05
total	98	0.06
total	97	0.07
total	96	0.07
total	95	0.08
total	94	0.09
total	93	0.10
total	92	0.11
total	91	0.12
total	90	0.13
total	89	0.14
total	88	0.16
total	87	0.17
total	86	0.19
total	85	0.21
total	84	0.22
total	83	0.24
total	82	0.26
total	81	0.29
total	80	0.31
total	79	0.34
total	78	0.36
total	77	0.39
total	76	0.42
total	75	0.44
total	74	0.47
total	73	0.50
total	72	0.53
total	71	0.56
total	70	0.59
total	69	0.62
total	68	0.65
total	67	0.68
total	66	0.70
total	65	0.73
total	64	0.75
total	63	0.77
total	62	0.79
total	61	0.81
total	60	0.83
total	59	0.85
total	58	0.86
total	57	0.88
total	56	0.89
total	55	0.90
total	54	0.91
total	53	0.92
total	52	0.93
total	51	0.94
total	50	0.95
total	49	0.95
total	48	0.96
total	47	0.96
total	46	0.97
total	45	0.97
total	44	0.98
total	43	0.98
total	42	0.98
total	41	0.98
total	40	0.99
total	39	0.99
total	38	0.99
total	37	0.99
total	36	0.99
total	35	0.99
total	34	0.99
total	33	0.99
total	32	0.99
total	31	0.99
total	30	0.99
total	29	0.99
total	28	1.00
total	27	1.00
total	26	1.00
total	25	1.00
total	24	1.00
total	23	1.00
total	22	1.00
total	21	1.00
total	20	1.00
total	19	1.00
total	18	1.00
total	17	1.00
total	16	1.00
total	15	1.00
total	14	1.00
total	13	1.00
total	12	1.00
total	11	1.00
total	10	1.00
total	9	1.00
total	8	1.00
total	7	1.00
total	6	1.00
total	5	1.00
total	4	1.00
total	3	1.00
total	2	1.00
total	1	1.00
total	0	1.00
